0.989930 0.102577 -0.097552 0.141557 -0.717337 0.682195 0.000000 -0.689134 -0.724634
0.994572 -0.036194 -0.097552 0.040345 -0.730057 0.682195 -0.095909 -0.682428 -0.724634
0.979856 -0.174259 -0.097552 -0.061652 -0.728567 0.682195 -0.189951 -0.662438 -0.724634
0.946068 -0.308932 -0.097552 -0.162448 -0.712896 0.682195 -0.280296 -0.629556 -0.724634
0.893866 -0.437593 -0.097552 -0.260084 -0.683350 0.682195 -0.365186 -0.584419 -0.724634
0.824265 -0.557737 -0.097552 -0.352656 -0.640503 0.682195 -0.442967 -0.527907 -0.724634
0.738622 -0.667024 -0.097552 -0.438365 -0.585189 0.682195 -0.512126 -0.461121 -0.724634
0.638602 -0.763329 -0.097552 -0.515542 -0.518485 0.682195 -0.571318 -0.385359 -0.724634
0.526152 -0.844777 -0.097552 -0.582684 -0.441690 0.682195 -0.619390 -0.302097 -0.724634
0.403462 -0.909781 -0.097552 -0.638484 -0.356298 0.682195 -0.655406 -0.212954 -0.724634
0.272918 -0.957079 -0.097552 -0.681858 -0.263970 0.682195 -0.678665 -0.119667 -0.724634
0.137062 -0.985747 -0.097552 -0.711959 -0.166505 0.682195 -0.688714 -0.024050 -0.724634
-0.001461 -0.995229 -0.097552 -0.728204 -0.065799 0.682195 -0.685359 0.072034 -0.724634
-0.139956 -0.985340 -0.097552 -0.730274 0.036188 0.682195 -0.668664 0.166717 -0.724634
-0.275727 -0.956273 -0.097552 -0.718131 0.137470 0.682195 -0.638954 0.258154 -0.724634
-0.406131 -0.908593 -0.097552 -0.692010 0.236076 0.682195 -0.596808 0.344567 -0.724634
-0.528630 -0.843228 -0.097552 -0.652420 0.330089 0.682195 -0.543045 0.424273 -0.724634
-0.640840 -0.761451 -0.097552 -0.600131 0.417675 0.682195 -0.478713 0.495722 -0.724634
-0.740577 -0.664853 -0.097552 -0.536162 0.497132 0.682195 -0.405063 0.557521 -0.724634
-0.825900 -0.555314 -0.097552 -0.461756 0.566914 0.682195 -0.323529 0.608469 -0.724634
-0.895147 -0.434967 -0.097552 -0.378363 0.625661 0.682195 -0.235698 0.647574 -0.724634
-0.946971 -0.306154 -0.097552 -0.287606 0.672230 0.682195 -0.143279 0.674075 -0.724634
-0.980363 -0.171381 -0.097552 -0.191251 0.705715 0.682195 -0.048071 0.687456 -0.724634
-0.994674 -0.033273 -0.097552 -0.091173 0.725464 0.682195 0.048071 0.687456 -0.724634
-0.989625 0.105483 -0.097552 0.010680 0.731092 0.682195 0.143279 0.674075 -0.724634
-0.965313 0.242186 -0.097552 0.112324 0.722491 0.682195 0.235698 0.647574 -0.724634
-0.922213 0.374174 -0.097552 0.211782 0.699828 0.682195 0.323529 0.608469 -0.724634
-0.861163 0.498880 -0.097552 0.307119 0.663542 0.682195 0.405063 0.557521 -0.724634
-0.783352 0.613876 -0.097552 0.396477 0.614342 0.682195 0.478713 0.495722 -0.724634
-0.690294 0.716923 -0.097552 0.478118 0.553185 0.682195 0.543045 0.424273 -0.724634
-0.583799 0.806017 -0.097552 0.550454 0.481260 0.682195 0.596808 0.344567 -0.724634
-0.465942 0.879421 -0.097552 0.612075 0.399968 0.682195 0.638954 0.258154 -0.724634
-0.339016 0.935709 -0.097552 0.661783 0.310891 0.682195 0.668664 0.166717 -0.724634
-0.205490 0.973785 -0.097552 0.698610 0.215763 0.682195 0.685359 0.072034 -0.724634
-0.067966 0.992907 -0.097552 0.721840 0.116436 0.682195 0.688714 -0.024050 -0.724634
0.070881 0.992703 -0.097552 0.731020 0.014842 0.682195 0.678665 -0.119667 -0.724634
0.208349 0.973177 -0.097552 0.725971 -0.087041 0.682195 0.655406 -0.212954 -0.724634
0.341761 0.934710 -0.097552 0.706792 -0.187229 0.682195 0.619390 -0.302097 -0.724634
0.468522 0.878050 -0.097552 0.673857 -0.283774 0.682195 0.571318 -0.385359 -0.724634
0.586163 0.804299 -0.097552 0.627805 -0.374795 0.682195 0.512126 -0.461121 -0.724634
0.692395 0.714893 -0.097552 0.569534 -0.458521 0.682195 0.442967 -0.527907 -0.724634
0.785151 0.611573 -0.097552 0.500178 -0.533322 0.682195 0.365186 -0.584419 -0.724634
0.862625 0.496349 -0.097552 0.421085 -0.597744 0.682195 0.280296 -0.629556 -0.724634
0.923308 0.371465 -0.097552 0.333798 -0.650530 0.682195 0.189951 -0.662438 -0.724634
0.966020 0.239350 -0.097552 0.240013 -0.690655 0.682195 0.095909 -0.682428 -0.724634
0.993606 -0.049510 -0.101471 0.112905 0.435704 0.892980 0.000000 -0.898727 0.438508
0.977046 -0.187312 -0.101471 0.172445 0.415751 0.892980 -0.125079 -0.889981 0.438508
0.941468 -0.321467 -0.101471 0.228628 0.387705 0.892980 -0.247723 -0.863912 0.438508
0.887567 -0.449365 -0.101471 0.280361 0.352113 0.892980 -0.365545 -0.821028 0.438508
0.816389 -0.568518 -0.101471 0.326638 0.309667 0.892980 -0.476253 -0.762164 0.438508
0.729322 -0.676604 -0.101471 0.366556 0.261195 0.892980 -0.577691 -0.688465 0.438508
0.628059 -0.771521 -0.101471 0.399340 0.207638 0.892980 -0.667884 -0.601366 0.438508
0.514571 -0.851422 -0.101471 0.424351 0.150040 0.892980 -0.745079 -0.502562 0.438508
0.391069 -0.914751 -0.101471 0.441103 0.089522 0.892980 -0.807771 -0.393976 0.438508
0.259955 -0.960275 -0.101471 0.449269 0.027261 0.892980 -0.854740 -0.277722 0.438508
0.123780 -0.987108 -0.101471 0.448691 -0.035531 0.892980 -0.885073 -0.156062 0.438508
-0.014803 -0.994728 -0.101471 0.439379 -0.097631 0.892980 -0.898180 -0.031365 0.438508
-0.153098 -0.982988 -0.101471 0.421516 -0.157830 0.892980 -0.893804 0.093942 0.438508
-0.288415 -0.952114 -0.101471 0.395448 -0.214958 0.892980 -0.872031 0.217422 0.438508
-0.418116 -0.902708 -0.101471 0.361683 -0.267902 0.892980 -0.833285 0.336669 0.438508
-0.539679 -0.835733 -0.101471 0.320879 -0.315631 0.892980 -0.778321 0.449363 0.438508
-0.650739 -0.752491 -0.101471 0.273828 -0.357217 0.892980 -0.708207 0.553312 0.438508
-0.749133 -0.654602 -0.101471 0.221448 -0.391850 0.892980 -0.624308 0.646490 0.438508
-0.832945 -0.543973 -0.101471 0.164758 -0.418856 0.892980 -0.528259 0.727085 0.438508
-0.900545 -0.422755 -0.101471 0.104861 -0.437710 0.892980 -0.421927 0.793529 0.438508
-0.950617 -0.293309 -0.101471 0.042923 -0.448044 0.892980 -0.307383 0.844527 0.438508
-0.982187 -0.158155 -0.101471 -0.019850 -0.449658 0.892980 -0.186856 0.879088 0.438508
-0.994639 -0.019921 -0.101471 -0.082237 -0.442519 0.892980 -0.062692 0.896538 0.438508
-0.987732 0.118700 -0.101471 -0.143024 -0.426767 0.892980 0.062692 0.896538 0.438508
-0.961599 0.255011 -0.101471 -0.201026 -0.402709 0.892980 0.186856 0.879088 0.438508
-0.916750 0.386357 -0.101471 -0.255116 -0.370812 0.892980 0.307383 0.844527 0.438508
-0.854058 0.510184 -0.101471 -0.304240 -0.331698 0.892980 0.421927 0.793529 0.438508
-0.774742 0.624082 -0.101471 -0.347443 -0.286128 0.892980 0.528259 0.727085 0.438508
-0.680348 0.725831 -0.101471 -0.383883 -0.234989 0.892980 0.624308 0.646490 0.438508
-0.572711 0.813453 -0.101471 -0.412851 -0.179276 0.892980 0.708207 0.553312 0.438508
-0.453926 0.885243 -0.101471 -0.433784 -0.120073 0.892980 0.778321 0.449363 0.438508
-0.326306 0.939802 -0.101471 -0.446273 -0.058534 0.892980 0.833285 0.336669 0.438508
-0.192336 0.976069 -0.101471 -0.450076 0.004145 0.892980 0.872031 0.217422 0.438508
-0.054621 0.993338 -0.101471 -0.445119 0.066744 0.892980 0.893804 0.093942 0.438508
0.084156 0.991273 -0.101471 -0.431499 0.128043 0.892980 0.898180 -0.031365 0.438508
0.221295 0.969913 -0.101471 -0.409479 0.186849 0.892980 0.885073 -0.156062 0.438508
0.354128 0.929676 -0.101471 -0.379490 0.242020 0.892980 0.854740 -0.277722 0.438508
0.480067 0.871343 -0.101471 -0.342114 0.292479 0.892980 0.807771 -0.393976 0.438508
0.596663 0.796051 -0.101471 -0.298080 0.337246 0.892980 0.745079 -0.502562 0.438508
0.701645 0.705264 -0.101471 -0.248243 0.375448 0.892980 0.667884 -0.601366 0.438508
0.792971 0.600751 -0.101471 -0.193575 0.406343 0.892980 0.577691 -0.688465 0.438508
0.868862 0.484544 -0.101471 -0.135139 0.429329 0.892980 0.476253 -0.762164 0.438508
0.927842 0.358906 -0.101471 -0.074073 0.443959 0.892980 0.365545 -0.821028 0.438508
0.968762 0.226283 -0.101471 -0.011565 0.449947 0.892980 0.247723 -0.863912 0.438508
0.990826 0.089255 -0.101471 0.051168 0.447178 0.892980 0.125079 -0.889981 0.438508
0.801830 -0.120550 0.585266 -0.597552 -0.161761 0.785344 0.000000 -0.979439 -0.201740
0.777249 -0.230970 0.585266 -0.614250 -0.077023 0.785344 -0.136312 -0.969907 -0.201740
0.737541 -0.336894 0.585266 -0.618991 0.009213 0.785344 -0.269970 -0.941497 -0.201740
0.683476 -0.436261 0.585266 -0.611685 0.095270 0.785344 -0.398374 -0.894762 -0.201740
0.616109 -0.527138 0.585266 -0.592473 0.179474 0.785344 -0.519024 -0.830611 -0.201740
0.536750 -0.607753 0.585266 -0.561729 0.260183 0.785344 -0.629571 -0.750294 -0.201740
0.446943 -0.676539 0.585266 -0.520052 0.335828 0.785344 -0.727865 -0.655373 -0.201740
0.348437 -0.732158 0.585266 -0.468253 0.404938 0.785344 -0.811992 -0.547695 -0.201740
0.243150 -0.773526 0.585266 -0.407339 0.466165 0.785344 -0.880314 -0.429358 -0.201740
0.133130 -0.799838 0.585266 -0.338498 0.518319 0.785344 -0.931502 -0.302664 -0.201740
0.020518 -0.810582 0.585266 -0.263067 0.560384 0.785344 -0.964559 -0.170078 -0.201740
-0.092493 -0.805549 0.585266 -0.182517 0.591543 0.785344 -0.978843 -0.034182 -0.201740
-0.203703 -0.784837 0.585266 -0.098414 0.611187 0.785344 -0.974074 0.102379 -0.201740
-0.310949 -0.748849 0.585266 -0.012395 0.618936 0.785344 -0.950346 0.236948 -0.201740
-0.412143 -0.698285 0.585266 0.073865 0.614637 0.785344 -0.908120 0.366904 -0.201740
-0.505314 -0.634131 0.585266 0.158687 0.598376 0.785344 -0.848220 0.489719 -0.201740
-0.588651 -0.557633 0.585266 0.240421 0.570467 0.785344 -0.771809 0.603003 -0.201740
-0.660529 -0.470282 0.585266 0.317474 0.531456 0.785344 -0.680376 0.704550 -0.201740
-0.719551 -0.373777 0.585266 0.388349 0.482100 0.785344 -0.575700 0.792383 -0.201740
-0.764569 -0.269997 0.585266 0.451665 0.423360 0.785344 -0.459819 0.864794 -0.201740
-0.794704 -0.160962 0.585266 0.506190 0.356380 0.785344 -0.334988 0.920372 -0.201740
-0.809372 -0.048795 0.585266 0.550862 0.282464 0.785344 -0.203637 0.958036 -0.201740
-0.808286 0.064324 0.585266 0.584813 0.203050 0.785344 -0.068322 0.977053 -0.201740
-0.791468 0.176189 0.585266 0.607380 0.119684 0.785344 0.068322 0.977053 -0.201740
-0.759244 0.284626 0.585266 0.618126 0.033988 0.785344 0.203637 0.958036 -0.201740
-0.712243 0.387522 0.585266 0.616841 -0.052369 0.785344 0.334988 0.920372 -0.201740
-0.651379 0.482876 0.585266 0.603549 -0.137707 0.785344 0.459819 0.864794 -0.201740
-0.577837 0.568831 0.585266 0.578510 -0.220365 0.785344 0.575700 0.792383 -0.201740
-0.493047 0.643714 0.585266 0.542211 -0.298734 0.785344 0.680376 0.704550 -0.201740
-0.398661 0.706069 0.585266 0.495359 -0.371287 0.785344 0.771809 0.603003 -0.201740
-0.296515 0.754680 0.585266 0.438865 -0.436615 0.785344 0.848220 0.489719 -0.201740
-0.188599 0.788603 0.585266 0.373829 -0.493444 0.785344 0.908120 0.366904 -0.201740
-0.077011 0.807176 0.585266 0.301517 -0.540669 0.785344 0.950346 0.236948 -0.201740
0.036076 0.810038 0.585266 0.223336 -0.577370 0.785344 0.974074 0.102379 -0.201740
0.148460 0.797135 0.585266 0.140808 -0.602833 0.785344 0.978843 -0.034182 -0.201740
0.257955 0.768715 0.585266 0.055540 -0.616563 0.785344 0.964559 -0.170078 -0.201740
0.362429 0.725334 0.585266 -0.030810 -0.618293 0.785344 0.931502 -0.302664 -0.201740
0.459849 0.667835 0.585266 -0.116560 -0.607988 0.785344 0.880314 -0.429358 -0.201740
0.548318 0.597337 0.585266 -0.200041 -0.585849 0.785344 0.811992 -0.547695 -0.201740
0.626115 0.515212 0.585266 -0.279629 -0.552307 0.785344 0.727865 -0.655373 -0.201740
0.691725 0.423060 0.585266 -0.353774 -0.508015 0.785344 0.629571 -0.750294 -0.201740
0.743872 0.322673 0.585266 -0.421033 -0.453835 0.785344 0.519024 -0.830611 -0.201740
0.781540 0.216006 0.585266 -0.480097 -0.390822 0.785344 0.398374 -0.894762 -0.201740
0.803997 0.105134 0.585266 -0.529817 -0.320202 0.785344 0.269970 -0.941497 -0.201740
0.810804 -0.007783 0.585266 -0.569224 -0.243350 0.785344 0.136312 -0.969907 -0.201740
0.327480 -0.930632 -0.163346 0.944858 0.322549 0.056614 0.000000 -0.172879 0.984943
0.194773 -0.967151 -0.163346 0.980553 0.187910 0.056614 -0.024060 -0.171197 0.984943
0.058277 -0.984846 -0.163346 0.997163 0.049615 0.056614 -0.047652 -0.166182 0.984943
-0.079354 -0.983372 -0.163346 0.994363 -0.089645 0.056614 -0.070316 -0.157933 0.984943
-0.215442 -0.962758 -0.163346 0.972210 -0.227162 0.056614 -0.091612 -0.146610 0.984943
-0.347335 -0.923405 -0.163346 0.931134 -0.360257 0.056614 -0.111125 -0.132433 0.984943
-0.472467 -0.866079 -0.163346 0.871934 -0.486339 0.056614 -0.128474 -0.115679 0.984943
-0.588405 -0.791895 -0.163346 0.795763 -0.602956 0.056614 -0.143323 -0.096673 0.984943
-0.692889 -0.702299 -0.163346 0.704103 -0.707837 0.056614 -0.155383 -0.075785 0.984943
-0.783886 -0.599033 -0.163346 0.598740 -0.798940 0.056614 -0.164418 -0.053423 0.984943
-0.859627 -0.484107 -0.163346 0.481721 -0.874494 0.056614 -0.170253 -0.030020 0.984943
-0.918636 -0.359759 -0.163346 0.355327 -0.933026 0.056614 -0.172774 -0.006033 0.984943
-0.959764 -0.228408 -0.163346 0.222017 -0.973398 0.056614 -0.171932 0.018071 0.984943
-0.982212 -0.092611 -0.163346 0.084385 -0.994824 0.056614 -0.167744 0.041823 0.984943
-0.985543 0.044987 -0.163346 -0.054888 -0.996886 0.056614 -0.160291 0.064762 0.984943
-0.969690 0.181710 -0.163346 -0.193093 -0.979546 0.056614 -0.149718 0.086439 0.984943
-0.934964 0.314897 -0.163346 -0.327541 -0.943139 0.056614 -0.136231 0.106435 0.984943
-0.882040 0.441954 -0.163346 -0.455613 -0.888376 0.056614 -0.120092 0.124359 0.984943
-0.811948 0.560409 -0.163346 -0.574817 -0.816321 0.056614 -0.101616 0.139862 0.984943
-0.726052 0.667957 -0.163346 -0.682833 -0.728377 0.056614 -0.081162 0.152643 0.984943
-0.626025 0.762503 -0.163346 -0.777558 -0.626257 0.056614 -0.059128 0.162453 0.984943
-0.513813 0.842208 -0.163346 -0.857149 -0.511948 0.056614 -0.035944 0.169101 0.984943
-0.391599 0.905521 -0.163346 -0.920057 -0.387673 0.056614 -0.012059 0.172458 0.984943
-0.261764 0.951208 -0.163346 -0.965057 -0.255853 0.056614 0.012059 0.172458 0.984943
-0.126834 0.978382 -0.163346 -0.991273 -0.119053 0.056614 0.035944 0.169101 0.984943
0.010565 0.986512 -0.163346 -0.998194 0.020064 0.056614 0.059128 0.162453 0.984943
0.147758 0.975441 -0.163346 -0.985688 0.158790 0.056614 0.081162 0.152643 0.984943
0.282076 0.945384 -0.163346 -0.953996 0.294427 0.056614 0.101616 0.139862 0.984943
0.410902 0.896927 -0.163346 -0.903735 0.424332 0.056614 0.120092 0.124359 0.984943
0.531731 0.831011 -0.163346 -0.835885 0.545978 0.056614 0.136231 0.106435 0.984943
0.642211 0.748921 -0.163346 -0.751764 0.656997 0.056614 0.149718 0.086439 0.984943
0.740191 0.652254 -0.163346 -0.653012 0.755229 0.056614 0.160291 0.064762 0.984943
0.823763 0.542892 -0.163346 -0.541550 0.838760 0.056614 0.167744 0.041823 0.984943
0.891303 0.422963 -0.163346 -0.419546 0.905967 0.056614 0.171932 0.018071 0.984943
0.941494 0.294801 -0.163346 -0.289377 0.955540 0.056614 0.172774 -0.006033 0.984943
0.973359 0.160902 -0.163346 -0.153576 0.986514 0.056614 0.170253 -0.030020 0.984943
0.986280 0.023870 -0.163346 -0.014784 0.998287 0.056614 0.164418 -0.053423 0.984943
0.980004 -0.113625 -0.163346 0.124294 0.990629 0.056614 0.155383 -0.075785 0.984943
0.954653 -0.248910 -0.163346 0.260953 0.963690 0.056614 0.143323 -0.096673 0.984943
0.910720 -0.379350 -0.163346 0.392534 0.917994 0.056614 0.128474 -0.115679 0.984943
0.849062 -0.502405 -0.163346 0.516473 0.854430 0.056614 0.111125 -0.132433 0.984943
0.770878 -0.615682 -0.163346 0.630360 0.774236 0.056614 0.091612 -0.146610 0.984943
0.677689 -0.716977 -0.163346 0.731979 0.678971 0.056614 0.070316 -0.157933 0.984943
0.571310 -0.804315 -0.163346 0.819350 0.570492 0.056614 0.047652 -0.166182 0.984943
0.453812 -0.875998 -0.163346 0.890773 0.450909 0.056614 0.024060 -0.171197 0.984943
0.205431 -0.071743 -0.976039 0.978672 0.015060 0.204878 0.000000 -0.997309 0.073307
0.193447 -0.099635 -0.976039 0.971243 -0.121292 0.204878 -0.138799 -0.987604 0.073307
0.177697 -0.125588 -0.976039 0.944911 -0.255282 0.204878 -0.274896 -0.958675 0.073307
0.158490 -0.149097 -0.976039 0.900186 -0.384304 0.204878 -0.405642 -0.911088 0.073307
0.136197 -0.169703 -0.976039 0.837941 -0.505846 0.204878 -0.528494 -0.845766 0.073307
0.111253 -0.187007 -0.976039 0.759386 -0.617542 0.204878 -0.641058 -0.763983 0.073307
0.084144 -0.200670 -0.976039 0.666051 -0.717218 0.204878 -0.741145 -0.667330 0.073307
0.055398 -0.210428 -0.976039 0.559751 -0.802935 0.204878 -0.826807 -0.557688 0.073307
0.025573 -0.216090 -0.976039 0.442557 -0.873023 0.204878 -0.896376 -0.437192 0.073307
-0.004750 -0.217546 -0.976039 0.316749 -0.926118 0.204878 -0.948498 -0.308186 0.073307
-0.034980 -0.214768 -0.976039 0.184775 -0.961188 0.204878 -0.982158 -0.173181 0.073307
-0.064530 -0.207809 -0.976039 0.049205 -0.977550 0.204878 -0.996702 -0.034806 0.073307
-0.092823 -0.196806 -0.976039 -0.087322 -0.974885 0.204878 -0.991846 0.104247 0.073307
-0.119310 -0.181972 -0.976039 -0.222150 -0.953244 0.204878 -0.967685 0.241271 0.073307
-0.143475 -0.163596 -0.976039 -0.352654 -0.913050 0.204878 -0.924689 0.373599 0.073307
-0.164846 -0.142037 -0.976039 -0.476294 -0.855084 0.204878 -0.863696 0.498654 0.073307
-0.183010 -0.117712 -0.976039 -0.590664 -0.780475 0.204878 -0.785890 0.614005 0.073307
-0.197611 -0.091096 -0.976039 -0.693536 -0.690675 0.204878 -0.692789 0.717404 0.073307
-0.208366 -0.062708 -0.976039 -0.782910 -0.587433 0.204878 -0.586204 0.806840 0.073307
-0.215066 -0.033098 -0.976039 -0.857046 -0.472755 0.204878 -0.468208 0.880572 0.073307
-0.217579 -0.002845 -0.976039 -0.914500 -0.348877 0.204878 -0.341100 0.937164 0.073307
-0.215858 0.027464 -0.976039 -0.954154 -0.218208 0.204878 -0.207353 0.975516 0.073307
-0.209935 0.057238 -0.976039 -0.975237 -0.083291 0.204878 -0.069569 0.994880 0.073307
-0.199926 0.085898 -0.976039 -0.977338 0.053246 0.204878 0.069569 0.994880 0.073307
-0.186025 0.112887 -0.976039 -0.960416 0.188747 0.204878 0.207353 0.975516 0.073307
-0.168504 0.137678 -0.976039 -0.924801 0.320574 0.204878 0.341100 0.937164 0.073307
-0.147703 0.159789 -0.976039 -0.871186 0.446162 0.204878 0.468208 0.880572 0.073307
-0.124027 0.178790 -0.976039 -0.800613 0.563066 0.204878 0.586204 0.806840 0.073307
-0.097937 0.194312 -0.976039 -0.714459 0.669010 0.204878 0.692789 0.717404 0.073307
-0.069941 0.206051 -0.976039 -0.614398 0.761932 0.204878 0.785890 0.614005 0.073307
-0.040584 0.213780 -0.976039 -0.502377 0.840025 0.204878 0.863696 0.498654 0.073307
-0.010437 0.217347 -0.976039 -0.380580 0.901767 0.204878 0.924689 0.373599 0.073307
0.019914 0.216685 -0.976039 -0.251374 0.945958 0.204878 0.967685 0.241271 0.073307
0.049877 0.211804 -0.976039 -0.117276 0.971736 0.204878 0.991846 0.104247 0.073307
0.078869 0.202802 -0.976039 0.019105 0.978601 0.204878 0.996702 -0.034806 0.073307
0.106326 0.189852 -0.976039 0.155114 0.966419 0.204878 0.982158 -0.173181 0.073307
0.131713 0.173206 -0.976039 0.288104 0.935426 0.204878 0.948498 -0.308186 0.073307
0.154537 0.153190 -0.976039 0.415486 0.886226 0.204878 0.896376 -0.437192 0.073307
0.174353 0.130192 -0.976039 0.534781 0.819777 0.204878 0.826807 -0.557688 0.073307
0.190775 0.104659 -0.976039 0.643668 0.737371 0.204878 0.741145 -0.667330 0.073307
0.203484 0.077090 -0.976039 0.740026 0.640614 0.204878 0.641058 -0.763983 0.073307
0.212233 0.048020 -0.976039 0.821980 0.531388 0.204878 0.528494 -0.845766 0.073307
0.216851 0.018016 -0.976039 0.887936 0.411819 0.204878 0.405642 -0.911088 0.073307
0.217248 -0.012339 -0.976039 0.936609 0.284234 0.204878 0.274896 -0.958675 0.073307
0.213416 -0.042454 -0.976039 0.967051 0.151118 0.204878 0.138799 -0.987604 0.073307
-0.715380 -0.147033 -0.683091 0.698736 -0.150535 -0.699362 0.000000 -0.977610 0.210427
-0.728881 -0.046040 -0.683091 0.670985 -0.246315 -0.699362 -0.136057 -0.968096 0.210427
-0.728195 0.055849 -0.683091 0.630175 -0.337301 -0.699362 -0.269466 -0.939739 0.210427
-0.713335 0.156650 -0.683091 0.577099 -0.421722 -0.699362 -0.397629 -0.893091 0.210427
-0.684592 0.254403 -0.683091 0.512790 -0.497935 -0.699362 -0.518054 -0.829060 0.210427
-0.642523 0.347204 -0.683091 0.438501 -0.564455 -0.699362 -0.628395 -0.748892 0.210427
-0.587949 0.433247 -0.683091 0.355677 -0.619989 -0.699362 -0.726505 -0.654149 0.210427
-0.521931 0.510857 -0.683091 0.265929 -0.663456 -0.699362 -0.810475 -0.546672 0.210427
-0.445754 0.578524 -0.683091 0.171006 -0.694010 -0.699362 -0.878670 -0.428556 0.210427
-0.360901 0.634931 -0.683091 0.072754 -0.711055 -0.699362 -0.929762 -0.302098 0.210427
-0.269023 0.678980 -0.683091 -0.026914 -0.714261 -0.699362 -0.962758 -0.169760 0.210427
-0.171909 0.709813 -0.683091 -0.126058 -0.703564 -0.699362 -0.977014 -0.034118 0.210427
-0.071450 0.726830 -0.683091 -0.222748 -0.679173 -0.699362 -0.972254 0.102188 0.210427
0.030401 0.729700 -0.683091 -0.315103 -0.641563 -0.699362 -0.948570 0.236505 0.210427
0.131660 0.718368 -0.683091 -0.401325 -0.591465 -0.699362 -0.906424 0.366219 0.210427
0.230355 0.693053 -0.683091 -0.479735 -0.529856 -0.699362 -0.846635 0.488804 0.210427
0.324569 0.654249 -0.683091 -0.548808 -0.457933 -0.699362 -0.770367 0.601877 0.210427
0.412464 0.602711 -0.683091 -0.607199 -0.377097 -0.699362 -0.679105 0.703233 0.210427
0.492330 0.539442 -0.683091 -0.653771 -0.288922 -0.699362 -0.574625 0.790902 0.210427
0.562615 0.465672 -0.683091 -0.687619 -0.195122 -0.699362 -0.458960 0.863178 0.210427
0.621949 0.382840 -0.683091 -0.708083 -0.097525 -0.699362 -0.334362 0.918652 0.210427
0.669177 0.292556 -0.683091 -0.714765 0.001970 -0.699362 -0.203257 0.956246 0.210427
0.703381 0.196577 -0.683091 -0.707535 0.101427 -0.699362 -0.068194 0.975228 0.210427
0.723894 0.096772 -0.683091 -0.686533 0.198909 -0.699362 0.068194 0.975228 0.210427
0.730317 -0.004917 -0.683091 -0.652169 0.292521 -0.699362 0.203257 0.956246 0.210427
0.722525 -0.106509 -0.683091 -0.605111 0.380438 -0.699362 0.334362 0.918652 0.210427
0.700670 -0.206028 -0.683091 -0.546275 0.460951 -0.699362 0.458960 0.863178 0.210427
0.665178 -0.301538 -0.683091 -0.476807 0.532492 -0.699362 0.574625 0.790902 0.210427
0.616738 -0.391178 -0.683091 -0.398058 0.593669 -0.699362 0.679105 0.703233 0.210427
0.556295 -0.473204 -0.683091 -0.311562 0.643290 -0.699362 0.770367 0.601877 0.210427
0.485024 -0.546021 -0.683091 -0.219001 0.680391 -0.699362 0.846635 0.488804 0.210427
0.404312 -0.608209 -0.683091 -0.122178 0.704248 -0.699362 0.906424 0.366219 0.210427
0.315731 -0.658559 -0.683091 -0.022976 0.714398 -0.699362 0.948570 0.236505 0.210427
0.221004 -0.696092 -0.683091 0.076673 0.710643 -0.699362 0.972254 0.102188 0.210427
0.121977 -0.720075 -0.683091 0.174829 0.693057 -0.699362 0.977014 -0.034118 0.210427
0.020575 -0.730043 -0.683091 0.269582 0.661981 -0.699362 0.962758 -0.169760 0.210427
-0.081228 -0.725802 -0.683091 0.359089 0.618019 -0.699362 0.929762 -0.302098 0.210427
-0.181450 -0.707434 -0.683091 0.441606 0.562030 -0.699362 0.878670 -0.428556 0.210427
-0.278139 -0.675296 -0.683091 0.515527 0.495100 -0.699362 0.810475 -0.546672 0.210427
-0.369416 -0.630015 -0.683091 0.579415 0.418534 -0.699362 0.726505 -0.654149 0.210427
-0.453502 -0.572471 -0.683091 0.632025 0.333822 -0.699362 0.628395 -0.748892 0.210427
-0.528761 -0.503784 -0.683091 0.672333 0.242613 -0.699362 0.518054 -0.829060 0.210427
-0.593728 -0.425292 -0.683091 0.699555 0.146681 -0.699362 0.397629 -0.893091 0.210427
-0.647139 -0.338522 -0.683091 0.713161 0.047894 -0.699362 0.269466 -0.939739 0.210427
-0.687955 -0.245164 -0.683091 0.712886 -0.051824 -0.699362 0.136057 -0.968096 0.210427
0.529692 0.118985 -0.839803 0.848190 -0.074306 0.524455 0.000000 -0.990112 -0.140281
0.541097 0.044108 -0.839803 0.829594 -0.191628 0.524455 -0.137797 -0.980476 -0.140281
0.541970 -0.031627 -0.839803 0.794851 -0.305220 0.524455 -0.272912 -0.951756 -0.140281
0.532294 -0.106747 -0.839803 0.744637 -0.412872 0.524455 -0.402714 -0.904512 -0.140281
0.512257 -0.179789 -0.839803 0.679929 -0.512487 0.524455 -0.524680 -0.839662 -0.140281
0.482250 -0.249332 -0.839803 0.601988 -0.602128 0.524455 -0.636432 -0.758470 -0.140281
0.442857 -0.314021 -0.839803 0.512330 -0.680048 0.524455 -0.735796 -0.662514 -0.140281
0.394843 -0.372599 -0.839803 0.412699 -0.744733 0.524455 -0.820840 -0.553663 -0.140281
0.339145 -0.423925 -0.839803 0.305036 -0.794922 0.524455 -0.889906 -0.434036 -0.140281
0.276846 -0.466999 -0.839803 0.191436 -0.829638 0.524455 -0.941652 -0.305962 -0.140281
0.209158 -0.500984 -0.839803 0.074109 -0.848207 0.524455 -0.975070 -0.171931 -0.140281
0.137399 -0.525217 -0.839803 -0.044659 -0.850266 0.524455 -0.989509 -0.034554 -0.140281
0.062966 -0.539228 -0.839803 -0.162559 -0.835776 0.524455 -0.984688 0.103494 -0.140281
-0.012693 -0.542743 -0.839803 -0.277295 -0.805019 0.524455 -0.960701 0.239530 -0.140281
-0.088105 -0.535695 -0.839803 -0.386633 -0.758592 0.524455 -0.918016 0.370902 -0.140281
-0.161802 -0.518220 -0.839803 -0.488445 -0.697401 0.524455 -0.857462 0.495055 -0.140281
-0.232350 -0.490658 -0.839803 -0.580752 -0.622635 0.524455 -0.780219 0.609574 -0.140281
-0.298375 -0.453546 -0.839803 -0.661754 -0.535751 0.524455 -0.687789 0.712227 -0.140281
-0.358592 -0.407607 -0.839803 -0.729876 -0.438439 0.524455 -0.581973 0.801017 -0.140281
-0.411830 -0.353733 -0.839803 -0.783792 -0.332593 0.524455 -0.464829 0.874217 -0.140281
-0.457052 -0.292975 -0.839803 -0.822452 -0.220273 0.524455 -0.338638 0.930401 -0.140281
-0.493379 -0.226515 -0.839803 -0.845104 -0.103667 0.524455 -0.205856 0.968475 -0.140281
-0.520102 -0.155645 -0.839803 -0.851307 0.014958 0.524455 -0.069067 0.987700 -0.140281
-0.536702 -0.081746 -0.839803 -0.840940 0.133292 0.524455 0.069067 0.987700 -0.140281
-0.542856 -0.006256 -0.839803 -0.814206 0.249031 0.524455 0.205856 0.968475 -0.140281
-0.538443 0.069356 -0.839803 -0.771624 0.359923 0.524455 0.338638 0.930401 -0.140281
-0.523551 0.143618 -0.839803 -0.714023 0.463809 0.524455 0.464829 0.874217 -0.140281
-0.498468 0.215084 -0.839803 -0.642524 0.558669 0.524455 0.581973 0.801017 -0.140281
-0.463683 0.282364 -0.839803 -0.558519 0.642654 0.524455 0.687789 0.712227 -0.140281
-0.419873 0.344148 -0.839803 -0.463644 0.714130 0.524455 0.780219 0.609574 -0.140281
-0.367890 0.399235 -0.839803 -0.359744 0.771707 0.524455 0.857462 0.495055 -0.140281
-0.308747 0.446549 -0.839803 -0.248842 0.814263 0.524455 0.918016 0.370902 -0.140281
-0.243595 0.485173 -0.839803 -0.133097 0.840971 0.524455 0.960701 0.239530 -0.140281
-0.173701 0.514353 -0.839803 -0.014761 0.851310 0.524455 0.984688 0.103494 -0.140281
-0.100427 0.533522 -0.839803 0.103862 0.845080 0.524455 0.989509 -0.034554 -0.140281
-0.025198 0.542307 -0.839803 0.220464 0.822401 0.524455 0.975070 -0.171931 -0.140281
0.050522 0.540536 -0.839803 0.332775 0.783715 0.524455 0.941652 -0.305962 -0.140281
0.125259 0.528244 -0.839803 0.438608 0.729774 0.524455 0.889906 -0.434036 -0.140281
0.197557 0.505671 -0.839803 0.535904 0.661630 0.524455 0.820840 -0.553663 -0.140281
0.266010 0.473255 -0.839803 0.622770 0.580607 0.524455 0.735796 -0.662514 -0.140281
0.329286 0.431628 -0.839803 0.697514 0.488284 0.524455 0.636432 -0.758470 -0.140281
0.386152 0.381600 -0.839803 0.758682 0.386457 0.524455 0.524680 -0.839662 -0.140281
0.435502 0.324144 -0.839803 0.805083 0.277108 0.524455 0.402714 -0.904512 -0.140281
0.476376 0.260379 -0.839803 0.835814 0.162365 0.524455 0.272912 -0.951756 -0.140281
0.507978 0.191546 -0.839803 0.850277 0.044463 0.524455 0.137797 -0.980476 -0.140281
0.997071 -0.067884 0.035241 -0.076487 -0.884931 0.459398 0.000000 -0.460748 -0.887531
0.977919 -0.205990 0.035241 -0.198901 -0.865674 0.459398 -0.064124 -0.456264 -0.887531
0.939734 -0.340085 0.035241 -0.317444 -0.829568 0.459398 -0.126999 -0.442899 -0.887531
0.883258 -0.467560 0.035241 -0.429808 -0.777315 0.459398 -0.187403 -0.420914 -0.887531
0.809590 -0.585936 0.035241 -0.533807 -0.709932 0.459398 -0.244159 -0.390736 -0.887531
0.720165 -0.692907 0.035241 -0.627415 -0.628732 0.459398 -0.296163 -0.352953 -0.887531
0.616723 -0.786391 0.035241 -0.708812 -0.535294 0.459398 -0.342402 -0.308301 -0.887531
0.501276 -0.864570 0.035241 -0.776412 -0.431436 0.459398 -0.381977 -0.257647 -0.887531
0.376073 -0.925920 0.035241 -0.828901 -0.319182 0.459398 -0.414117 -0.201979 -0.887531
0.243550 -0.969248 0.035241 -0.865255 -0.200716 0.459398 -0.438197 -0.142379 -0.887531
0.106286 -0.993711 0.035241 -0.884769 -0.078342 0.459398 -0.453748 -0.080008 -0.887531
-0.033046 -0.998832 0.035241 -0.887061 0.045557 0.459398 -0.460467 -0.016080 -0.887531
-0.171734 -0.984513 0.035241 -0.872088 0.168568 0.459398 -0.458224 0.048161 -0.887531
-0.307081 -0.951031 0.035241 -0.840141 0.288299 0.459398 -0.447062 0.111465 -0.887531
-0.436450 -0.899038 0.035241 -0.791841 0.402418 0.459398 -0.427198 0.172599 -0.887531
-0.557325 -0.829547 0.035241 -0.728130 0.508705 0.459398 -0.399019 0.230374 -0.887531
-0.667352 -0.743908 0.035241 -0.650245 0.605091 0.459398 -0.363074 0.283665 -0.887531
-0.764389 -0.643792 0.035241 -0.559705 0.689698 0.459398 -0.320062 0.331434 -0.887531
-0.846548 -0.531144 0.035241 -0.458271 0.760882 0.459398 -0.270821 0.372753 -0.887531
-0.912231 -0.408158 0.035241 -0.347916 0.817256 0.459398 -0.216308 0.406816 -0.887531
-0.960158 -0.277228 0.035241 -0.230790 0.857723 0.459398 -0.157585 0.432961 -0.887531
-0.989396 -0.140902 0.035241 -0.109173 0.881496 0.459398 -0.095795 0.450679 -0.887531
-0.999377 -0.001833 0.035241 0.014571 0.888111 0.459398 -0.032140 0.459626 -0.887531
-0.989906 0.137271 0.035241 0.138030 0.877440 0.459398 0.032140 0.459626 -0.887531
-0.961168 0.273704 0.035241 0.258803 0.849691 0.459398 0.095795 0.450679 -0.887531
-0.913722 0.404809 0.035241 0.374539 0.805403 0.459398 0.157585 0.432961 -0.887531
-0.848491 0.528035 0.035241 0.482984 0.745440 0.459398 0.216308 0.406816 -0.887531
-0.766745 0.640983 0.035241 0.582029 0.670966 0.459398 0.270821 0.372753 -0.887531
-0.670076 0.741456 0.035241 0.669745 0.583434 0.459398 0.320062 0.331434 -0.887531
-0.560364 0.827496 0.035241 0.744425 0.484546 0.459398 0.363074 0.283665 -0.887531
-0.439745 0.897431 0.035241 0.804616 0.376226 0.459398 0.399019 0.230374 -0.887531
-0.310568 0.949898 0.035241 0.849146 0.260584 0.459398 0.427198 0.172599 -0.887531
-0.175345 0.983876 0.035241 0.877149 0.139870 0.459398 0.447062 0.111465 -0.887531
-0.036709 0.998704 0.035241 0.888078 0.016432 0.459398 0.458224 0.048161 -0.887531
0.102640 0.994094 0.035241 0.881723 -0.107324 0.459398 0.460467 -0.016080 -0.887531
0.239992 0.970135 0.035241 0.858205 -0.228991 0.459398 0.453748 -0.080008 -0.887531
0.372674 0.927293 0.035241 0.817984 -0.346202 0.459398 0.438197 -0.142379 -0.887531
0.498101 0.866403 0.035241 0.761841 -0.456674 0.459398 0.414117 -0.201979 -0.887531
0.613833 0.788649 0.035241 0.690870 -0.558257 0.459398 0.381977 -0.257647 -0.887531
0.717619 0.695544 0.035241 0.606452 -0.648975 0.459398 0.342402 -0.308301 -0.887531
0.807436 0.588902 0.035241 0.510230 -0.727061 0.459398 0.296163 -0.352953 -0.887531
0.881537 0.470798 0.035241 0.404078 -0.790996 0.459398 0.244159 -0.390736 -0.887531
0.938480 0.343529 0.035241 0.290059 -0.839535 0.459398 0.187403 -0.420914 -0.887531
0.977157 0.209575 0.035241 0.170396 -0.871733 0.459398 0.126999 -0.442899 -0.887531
0.996815 0.071542 0.035241 0.047416 -0.886964 0.459398 0.064124 -0.456264 -0.887531
-0.876921 -0.106863 -0.468604 0.480634 -0.194972 -0.854972 0.000000 -0.974970 0.222337
-0.883259 0.016221 -0.468604 0.448822 -0.259966 -0.854972 -0.135690 -0.965481 0.222337
-0.872406 0.138989 -0.468604 0.408274 -0.319900 -0.854972 -0.268738 -0.937201 0.222337
-0.844572 0.259051 -0.468604 0.359779 -0.373608 -0.854972 -0.396556 -0.890679 0.222337
-0.800300 0.374073 -0.468604 0.304281 -0.420044 -0.854972 -0.516656 -0.826821 0.222337
-0.740451 0.481812 -0.468604 0.242861 -0.458303 -0.854972 -0.626698 -0.746870 0.222337
-0.666190 0.580174 -0.468604 0.176715 -0.487643 -0.854972 -0.724544 -0.652382 0.222337
-0.578961 0.667244 -0.468604 0.107128 -0.507491 -0.854972 -0.808287 -0.545196 0.222337
-0.480465 0.741326 -0.468604 0.035456 -0.517462 -0.854972 -0.876297 -0.427399 0.222337
-0.372617 0.800979 -0.468604 -0.036905 -0.517360 -0.854972 -0.927251 -0.301283 0.222337
-0.257515 0.845042 -0.468604 -0.108549 -0.507189 -0.854972 -0.960158 -0.169302 0.222337
-0.137402 0.872657 -0.468604 -0.178080 -0.487146 -0.854972 -0.974376 -0.034026 0.222337
-0.014615 0.883287 -0.468604 -0.244144 -0.457621 -0.854972 -0.969629 0.101912 0.222337
0.108458 0.876725 -0.468604 -0.305457 -0.419189 -0.854972 -0.946009 0.235867 0.222337
0.229419 0.853099 -0.468604 -0.360824 -0.372599 -0.854972 -0.903976 0.365230 0.222337
0.345914 0.812868 -0.468604 -0.409168 -0.318756 -0.854972 -0.844349 0.487484 0.222337
0.455677 0.756815 -0.468604 -0.449548 -0.258708 -0.854972 -0.768287 0.600251 0.222337
0.556571 0.686031 -0.468604 -0.481179 -0.193625 -0.854972 -0.677271 0.701334 0.222337
0.646631 0.601896 -0.468604 -0.503443 -0.124774 -0.854972 -0.573073 0.788767 0.222337
0.724106 0.506044 -0.468604 -0.515909 -0.053494 -0.854972 -0.457720 0.860847 0.222337
0.787487 0.400343 -0.468604 -0.518333 0.018827 -0.854972 -0.333459 0.916172 0.222337
0.835540 0.286850 -0.468604 -0.510668 0.090782 -0.854972 -0.202708 0.953664 0.222337
0.867331 0.167774 -0.468604 -0.493064 0.160970 -0.854972 -0.068010 0.972595 0.222337
0.882239 0.045432 -0.468604 -0.465863 0.228025 -0.854972 0.068010 0.972595 0.222337
0.879976 -0.077795 -0.468604 -0.429594 0.290642 -0.854972 0.202708 0.953664 0.222337
0.860586 -0.199506 -0.468604 -0.384964 0.347601 -0.854972 0.333459 0.916172 0.222337
0.824445 -0.317335 -0.468604 -0.332841 0.397795 -0.854972 0.457720 0.860847 0.222337
0.772256 -0.428988 -0.468604 -0.274239 0.440246 -0.854972 0.573073 0.788767 0.222337
0.705037 -0.532290 -0.468604 -0.210300 0.474128 -0.854972 0.677271 0.701334 0.222337
0.624096 -0.625232 -0.468604 -0.142268 0.498782 -0.854972 0.768287 0.600251 0.222337
0.531006 -0.706005 -0.468604 -0.071466 0.513728 -0.854972 0.844349 0.487484 0.222337
0.427582 -0.773035 -0.468604 0.000726 0.518674 -0.854972 0.903976 0.365230 0.222337
0.315835 -0.825020 -0.468604 0.072905 0.513526 -0.854972 0.946009 0.235867 0.222337
0.197940 -0.860947 -0.468604 0.143665 0.498382 -0.854972 0.969629 0.101912 0.222337
0.076194 -0.880116 -0.468604 0.211628 0.473537 -0.854972 0.974376 -0.034026 0.222337
-0.047036 -0.882155 -0.468604 0.275472 0.439476 -0.854972 0.960158 -0.169302 0.222337
-0.169351 -0.867024 -0.468604 0.333954 0.396861 -0.854972 0.927251 -0.301283 0.222337
-0.288369 -0.835017 -0.468604 0.385936 0.346521 -0.854972 0.876297 -0.427399 0.222337
-0.401774 -0.786758 -0.468604 0.430407 0.289437 -0.854972 0.808287 -0.545196 0.222337
-0.507360 -0.723185 -0.468604 0.466500 0.226719 -0.854972 0.724544 -0.652382 0.222337
-0.603070 -0.645536 -0.468604 0.493513 0.159588 -0.854972 0.626698 -0.746870 0.222337
-0.687042 -0.555323 -0.468604 0.510921 0.089352 -0.854972 0.516656 -0.826821 0.222337
-0.757642 -0.454300 -0.468604 0.518384 0.017375 -0.854972 0.396556 -0.890679 0.222337
-0.813495 -0.344436 -0.468604 0.515757 -0.054939 -0.854972 0.268738 -0.937201 0.222337
-0.853514 -0.227867 -0.468604 0.503092 -0.126183 -0.854972 0.135690 -0.965481 0.222337
0.722044 -0.088587 0.686152 -0.691847 -0.092454 0.716100 0.000000 -0.991768 -0.128045
0.702688 -0.188215 0.686152 -0.697982 0.004732 0.716100 -0.138028 -0.982117 -0.128045
0.669655 -0.284178 0.686152 -0.690530 0.101826 0.716100 -0.273368 -0.953349 -0.128045
0.623588 -0.374610 0.686152 -0.669639 0.196938 0.716100 -0.403388 -0.906026 -0.128045
0.565383 -0.457752 0.686152 -0.635713 0.288218 0.716100 -0.525557 -0.841067 -0.128045
0.496174 -0.531983 0.686152 -0.589414 0.373887 0.716100 -0.637496 -0.759739 -0.128045
0.417308 -0.595860 0.686152 -0.531643 0.452279 0.716100 -0.737027 -0.663623 -0.128045
0.330319 -0.648139 0.686152 -0.463524 0.521868 0.716100 -0.822213 -0.554590 -0.128045
0.236901 -0.687803 0.686152 -0.386383 0.581299 0.716100 -0.891396 -0.434763 -0.128045
0.138872 -0.714079 0.686152 -0.301722 0.629416 0.716100 -0.943228 -0.306474 -0.128045
0.038140 -0.726457 0.686152 -0.211187 0.665282 0.716100 -0.976701 -0.172219 -0.128045
-0.063335 -0.724696 0.686152 -0.116543 0.688199 0.716100 -0.991164 -0.034612 -0.128045
-0.163576 -0.708828 0.686152 -0.019630 0.697722 0.716100 -0.986335 0.103668 -0.128045
-0.260635 -0.679164 0.686152 0.077665 0.693663 0.716100 -0.962309 0.239931 -0.128045
-0.352619 -0.636282 0.686152 0.173449 0.676104 0.716100 -0.919552 0.371523 -0.128045
-0.437741 -0.581015 0.686152 0.265856 0.645385 0.716100 -0.858897 0.495884 -0.128045
-0.514343 -0.514438 0.686152 0.353089 0.602104 0.716100 -0.781524 0.610594 -0.128045
-0.580933 -0.437849 0.686152 0.433449 0.547104 0.716100 -0.688940 0.713418 -0.128045
-0.636216 -0.352738 0.686152 0.505373 0.481455 0.716100 -0.582947 0.802357 -0.128045
-0.679116 -0.260761 0.686152 0.567461 0.406435 0.716100 -0.465607 0.875680 -0.128045
-0.708798 -0.163708 0.686152 0.618503 0.323504 0.716100 -0.339205 0.931957 -0.128045
-0.724684 -0.063470 0.686152 0.657507 0.234277 0.716100 -0.206201 0.970096 -0.128045
-0.726464 0.038005 0.686152 0.683713 0.140490 0.716100 -0.069182 0.989352 -0.128045
-0.714105 0.138739 0.686152 0.696612 0.043968 0.716100 0.069182 0.989352 -0.128045
-0.687847 0.236773 0.686152 0.695951 -0.053410 0.716100 0.206201 0.970096 -0.128045
-0.648200 0.330199 0.686152 0.681745 -0.149747 0.716100 0.339205 0.931957 -0.128045
-0.595937 0.417197 0.686152 0.654270 -0.243170 0.716100 0.465607 0.875680 -0.128045
-0.532075 0.496076 0.686152 0.614059 -0.331861 0.716100 0.582947 0.802357 -0.128045
-0.457857 0.565298 0.686152 0.561897 -0.414092 0.716100 0.688940 0.713418 -0.128045
-0.374726 0.623518 0.686152 0.498799 -0.488263 0.716100 0.781524 0.610594 -0.128045
-0.284302 0.669602 0.686152 0.425991 -0.552931 0.716100 0.858897 0.495884 -0.128045
-0.188345 0.702653 0.686152 0.344893 -0.606836 0.716100 0.919552 0.371523 -0.128045
-0.088722 0.722027 0.686152 0.257081 -0.648930 0.716100 0.962309 0.239931 -0.128045
0.012629 0.727348 0.686152 0.164265 -0.678393 0.716100 0.986335 0.103668 -0.128045
0.113733 0.718512 0.686152 0.068253 -0.694653 0.716100 0.991164 -0.034612 -0.128045
0.212623 0.695691 0.686152 -0.029088 -0.697391 0.716100 0.976701 -0.172219 -0.128045
0.307376 0.659329 0.686152 -0.125864 -0.686556 0.716100 0.943228 -0.306474 -0.128045
0.396145 0.610134 0.686152 -0.220189 -0.662358 0.716100 0.891396 -0.434763 -0.128045
0.477204 0.549064 0.686152 -0.310228 -0.625267 0.716100 0.822213 -0.554590 -0.128045
0.548975 0.477306 0.686152 -0.394230 -0.576007 0.716100 0.737027 -0.663623 -0.128045
0.610061 0.396259 0.686152 -0.470558 -0.515535 0.716100 0.637496 -0.759739 -0.128045
0.659272 0.307498 0.686152 -0.537727 -0.445029 0.716100 0.525557 -0.841067 -0.128045
0.695652 0.212752 0.686152 -0.594430 -0.365861 0.716100 0.403388 -0.906026 -0.128045
0.718491 0.113866 0.686152 -0.639563 -0.279572 0.716100 0.273368 -0.953349 -0.128045
0.727346 0.012764 0.686152 -0.672247 -0.187841 0.716100 0.138028 -0.982117 -0.128045
-0.939137 0.338025 -0.061325 0.343543 0.924053 -0.167642 0.000000 -0.178507 -0.983939
-0.882953 0.465439 -0.061325 0.468803 0.867248 -0.167642 -0.024843 -0.176769 -0.983939
-0.809584 0.583792 -0.061325 0.584938 0.793564 -0.167642 -0.049203 -0.171592 -0.983939
-0.720457 0.690783 -0.061325 0.689688 0.704433 -0.167642 -0.072605 -0.163074 -0.983939
-0.617307 0.784329 -0.061325 0.781015 0.601591 -0.167642 -0.094594 -0.151382 -0.983939
-0.502142 0.862608 -0.061325 0.857139 0.487041 -0.167642 -0.114742 -0.136744 -0.983939
-0.377204 0.924098 -0.061325 0.916580 0.363010 -0.167642 -0.132656 -0.119444 -0.983939
-0.244923 0.967601 -0.061325 0.958182 0.231914 -0.167642 -0.147989 -0.099820 -0.983939
-0.107875 0.992271 -0.061325 0.981133 0.096304 -0.167642 -0.160441 -0.078252 -0.983939
0.031272 0.997628 -0.061325 0.984987 -0.041180 -0.167642 -0.169770 -0.055162 -0.983939
0.169811 0.983567 -0.061325 0.969670 -0.177864 -0.167642 -0.175795 -0.030997 -0.983939
0.305044 0.950362 -0.061325 0.935480 -0.311085 -0.167642 -0.178398 -0.006230 -0.983939
0.434340 0.898659 -0.061325 0.883081 -0.438251 -0.167642 -0.177529 0.018659 -0.983939
0.555183 0.829465 -0.061325 0.813494 -0.556887 -0.167642 -0.173204 0.043185 -0.983939
0.665218 0.744126 -0.061325 0.728074 -0.664684 -0.167642 -0.165509 0.066870 -0.983939
0.762307 0.644304 -0.061325 0.628482 -0.759543 -0.167642 -0.154591 0.089253 -0.983939
0.844558 0.531941 -0.061325 0.516657 -0.839620 -0.167642 -0.140665 0.109900 -0.983939
0.910371 0.409224 -0.061325 0.394777 -0.903353 -0.167642 -0.124001 0.128407 -0.983939
