0.336169 0.807031 -0.485481 0.941802 -0.288064 0.173289 0.000000 -0.515481 -0.856901
0.496615 0.719502 -0.485481 0.861329 -0.477581 0.173289 -0.107175 -0.504216 -0.856901
0.635355 0.600527 -0.485481 0.743213 -0.646224 0.173289 -0.209665 -0.470915 -0.856901
0.746328 0.455306 -0.485481 0.592614 -0.786626 0.173289 -0.302992 -0.417033 -0.856901
0.824682 0.290187 -0.485481 0.416115 -0.892647 0.173289 -0.383077 -0.344924 -0.856901
0.866994 0.112384 -0.485481 0.221430 -0.959656 0.173289 -0.446420 -0.257740 -0.856901
0.871414 -0.070330 -0.485481 0.017068 -0.984723 0.173289 -0.490251 -0.159293 -0.856901
0.837749 -0.249970 -0.485481 -0.188041 -0.966753 0.173289 -0.512657 -0.053882 -0.856901
0.767471 -0.418685 -0.485481 -0.384931 -0.906532 0.173289 -0.512657 0.053882 -0.856901
0.663650 -0.569102 -0.485481 -0.564998 -0.806690 0.173289 -0.490251 0.159292 -0.856901
0.530825 -0.694646 -0.485481 -0.720371 -0.671592 0.173289 -0.446420 0.257740 -0.856901
0.374799 -0.789832 -0.485481 -0.844262 -0.507142 0.173289 -0.383077 0.344924 -0.856901
0.202394 -0.850497 -0.485481 -0.931253 -0.320529 0.173289 -0.302992 0.417033 -0.856901
0.021143 -0.873992 -0.485481 -0.977545 -0.119906 0.173289 -0.209665 0.470915 -0.856901
-0.161032 -0.859289 -0.485481 -0.981113 0.085957 0.173289 -0.107175 0.504216 -0.856901
-0.336169 -0.807031 -0.485481 -0.941802 0.288064 0.173289 0.000000 0.515481 -0.856901
-0.496615 -0.719501 -0.485481 -0.861329 0.477581 0.173289 0.107175 0.504216 -0.856901
-0.635355 -0.600527 -0.485481 -0.743212 0.646225 0.173289 0.209665 0.470915 -0.856901
-0.746328 -0.455306 -0.485481 -0.592613 0.786626 0.173289 0.302992 0.417033 -0.856901
-0.824682 -0.290186 -0.485481 -0.416115 0.892647 0.173289 0.383077 0.344924 -0.856901
-0.866994 -0.112384 -0.485481 -0.221430 0.959656 0.173289 0.446420 0.257740 -0.856901
-0.871414 0.070330 -0.485481 -0.017068 0.984723 0.173289 0.490251 0.159292 -0.856901
-0.837749 0.249970 -0.485481 0.188041 0.966753 0.173289 0.512657 0.053882 -0.856901
-0.767471 0.418685 -0.485481 0.384931 0.906531 0.173289 0.512657 -0.053882 -0.856901
-0.663650 0.569103 -0.485481 0.564998 0.806690 0.173289 0.490251 -0.159293 -0.856901
-0.530825 0.694647 -0.485481 0.720371 0.671592 0.173289 0.446420 -0.257740 -0.856901
-0.374799 0.789832 -0.485481 0.844262 0.507142 0.173289 0.383077 -0.344924 -0.856901
-0.202394 0.850497 -0.485481 0.931253 0.320529 0.173289 0.302992 -0.417033 -0.856901
-0.021143 0.873992 -0.485481 0.977545 0.119905 0.173289 0.209665 -0.470915 -0.856901
0.161032 0.859289 -0.485481 0.981113 -0.085957 0.173289 0.107175 -0.504216 -0.856901
0.847119 0.223423 -0.482153 0.531403 -0.356161 0.768609 0.000000 -0.907321 -0.420439
0.875060 0.042414 -0.482153 0.445740 -0.458864 0.768609 -0.188643 -0.887494 -0.420439
0.864756 -0.140448 -0.482153 0.340597 -0.541511 0.768609 -0.369040 -0.828879 -0.420439
0.816658 -0.317172 -0.482153 0.220567 -0.600492 0.768609 -0.533310 -0.734038 -0.420439
0.732869 -0.480033 -0.482153 0.090898 -0.633228 0.768609 -0.674271 -0.607116 -0.420439
0.617049 -0.621916 -0.482153 -0.042744 -0.638289 0.768609 -0.785763 -0.453660 -0.420439
0.474262 -0.736617 -0.482153 -0.174517 -0.615454 0.768609 -0.862913 -0.280378 -0.420439
0.310746 -0.819125 -0.482153 -0.298664 -0.565721 0.768609 -0.902351 -0.094841 -0.420439
0.133651 -0.865833 -0.482153 -0.409757 -0.491263 0.768609 -0.902351 0.094841 -0.420439
-0.049287 -0.874700 -0.482153 -0.502942 -0.395334 0.768609 -0.862913 0.280378 -0.420439
-0.230070 -0.845338 -0.482153 -0.574146 -0.282128 0.768609 -0.785763 0.453660 -0.420439
-0.400798 -0.779031 -0.482153 -0.620258 -0.156591 0.768609 -0.674271 0.607116 -0.420439
-0.554009 -0.678677 -0.482153 -0.639260 -0.024210 0.768609 -0.533310 0.734038 -0.420439
-0.683008 -0.548661 -0.482153 -0.630325 0.109229 0.768609 -0.369041 0.828879 -0.420439
-0.782155 -0.394666 -0.482153 -0.593841 0.237893 0.768609 -0.188643 0.887494 -0.420439
-0.847119 -0.223422 -0.482153 -0.531403 0.356162 0.768609 0.000000 0.907321 -0.420439
-0.875060 -0.042414 -0.482153 -0.445740 0.458864 0.768609 0.188643 0.887494 -0.420439
-0.864756 0.140448 -0.482153 -0.340597 0.541511 0.768609 0.369041 0.828879 -0.420439
-0.816658 0.317172 -0.482153 -0.220567 0.600492 0.768609 0.533310 0.734038 -0.420439
-0.732869 0.480034 -0.482153 -0.090898 0.633228 0.768609 0.674271 0.607116 -0.420439
-0.617049 0.621916 -0.482153 0.042744 0.638289 0.768609 0.785763 0.453660 -0.420439
-0.474261 0.736617 -0.482153 0.174517 0.615454 0.768609 0.862913 0.280378 -0.420439
-0.310746 0.819125 -0.482153 0.298664 0.565721 0.768609 0.902351 0.094841 -0.420439
-0.133650 0.865833 -0.482153 0.409757 0.491263 0.768609 0.902351 -0.094841 -0.420439
0.049287 0.874700 -0.482153 0.502943 0.395334 0.768609 0.862913 -0.280378 -0.420439
0.230070 0.845338 -0.482153 0.574146 0.282128 0.768609 0.785763 -0.453660 -0.420439
0.400799 0.779031 -0.482153 0.620258 0.156590 0.768609 0.674271 -0.607116 -0.420439
0.554009 0.678677 -0.482153 0.639260 0.024210 0.768609 0.533310 -0.734038 -0.420439
0.683008 0.548661 -0.482153 0.630325 -0.109229 0.768609 0.369040 -0.828879 -0.420439
0.782156 0.394666 -0.482153 0.593841 -0.237894 0.768609 0.188643 -0.887494 -0.420439
-0.893350 0.060922 -0.445212 0.449361 0.121116 -0.885102 0.000000 -0.990767 -0.135575
-0.861162 0.245329 -0.445212 0.464723 0.025042 -0.885102 -0.205992 -0.969116 -0.135575
-0.791337 0.419013 -0.445212 0.459774 -0.072127 -0.885102 -0.402981 -0.905111 -0.135575
-0.686926 0.574385 -0.445212 0.434731 -0.166143 -0.885102 -0.582358 -0.801547 -0.135575
-0.552494 0.704653 -0.445212 0.390688 -0.252898 -0.885102 -0.736283 -0.662953 -0.135575
-0.393915 0.804125 -0.445212 0.329570 -0.328600 -0.885102 -0.858030 -0.495383 -0.135575
-0.218120 0.868452 -0.445212 0.254048 -0.389941 -0.885102 -0.942275 -0.306164 -0.135575
-0.032792 0.894825 -0.445212 0.167423 -0.434239 -0.885102 -0.985340 -0.103563 -0.135575
0.153968 0.882088 -0.445212 0.073482 -0.459559 -0.885102 -0.985340 0.103563 -0.135575
0.334001 0.830801 -0.445212 -0.023672 -0.464795 -0.885102 -0.942275 0.306164 -0.135575
0.499435 0.743203 -0.445212 -0.119791 -0.449716 -0.885102 -0.858030 0.495383 -0.135575
0.643042 0.623124 -0.445212 -0.210675 -0.414983 -0.885102 -0.736283 0.662953 -0.135575
0.758544 0.475811 -0.445212 -0.292350 -0.362113 -0.885102 -0.582359 0.801547 -0.135575
0.840895 0.307703 -0.445212 -0.361250 -0.293416 -0.885102 -0.402981 0.905111 -0.135575
0.886495 0.126148 -0.445212 -0.414360 -0.211897 -0.885102 -0.205993 0.969116 -0.135575
0.893350 -0.060922 -0.445212 -0.449361 -0.121116 -0.885102 0.000000 0.990767 -0.135575
0.861162 -0.245329 -0.445212 -0.464723 -0.025042 -0.885102 0.205993 0.969116 -0.135575
0.791337 -0.419013 -0.445212 -0.459774 0.072127 -0.885102 0.402981 0.905111 -0.135575
0.686926 -0.574385 -0.445212 -0.434731 0.166143 -0.885102 0.582359 0.801547 -0.135575
0.552494 -0.704653 -0.445212 -0.390688 0.252898 -0.885102 0.736283 0.662953 -0.135575
0.393915 -0.804125 -0.445212 -0.329570 0.328600 -0.885102 0.858030 0.495383 -0.135575
0.218120 -0.868452 -0.445212 -0.254048 0.389941 -0.885102 0.942275 0.306164 -0.135575
0.032792 -0.894824 -0.445212 -0.167423 0.434239 -0.885102 0.985340 0.103563 -0.135575
-0.153969 -0.882088 -0.445212 -0.073481 0.459559 -0.885102 0.985340 -0.103563 -0.135575
-0.334001 -0.830801 -0.445212 0.023672 0.464795 -0.885102 0.942275 -0.306164 -0.135575
-0.499435 -0.743203 -0.445212 0.119791 0.449716 -0.885102 0.858030 -0.495383 -0.135575
-0.643042 -0.623124 -0.445212 0.210675 0.414983 -0.885102 0.736283 -0.662953 -0.135575
-0.758545 -0.475811 -0.445212 0.292351 0.362113 -0.885102 0.582358 -0.801547 -0.135575
-0.840895 -0.307703 -0.445212 0.361250 0.293416 -0.885102 0.402981 -0.905111 -0.135575
-0.886495 -0.126147 -0.445212 0.414360 0.211897 -0.885102 0.205992 -0.969116 -0.135575
0.435025 -0.121513 -0.892182 0.900418 0.058707 0.431045 0.000000 -0.990852 0.134951
0.400254 -0.209304 -0.892182 0.892948 -0.129783 0.431045 -0.206010 -0.969200 0.134951
0.347991 -0.287948 -0.892182 0.846452 -0.312601 0.431045 -0.403016 -0.905189 0.134951
0.280519 -0.354007 -0.892182 0.762961 -0.481758 0.431045 -0.582408 -0.801616 0.134951
0.200787 -0.404594 -0.892182 0.646126 -0.629858 0.431045 -0.736347 -0.663010 0.134951
0.112279 -0.437499 -0.892182 0.501051 -0.750432 0.431045 -0.858103 -0.495426 0.134951
0.018865 -0.451283 -0.892182 0.334079 -0.838207 0.431045 -0.942356 -0.306191 0.134951
-0.075375 -0.445343 -0.892182 0.152505 -0.889349 0.431045 -0.985424 -0.103572 0.134951
-0.166319 -0.419940 -0.892182 -0.035733 -0.901622 0.431045 -0.985424 0.103572 0.134951
-0.249995 -0.376184 -0.892182 -0.222411 -0.874490 0.431045 -0.942356 0.306190 0.134951
-0.322745 -0.315986 -0.892182 -0.399367 -0.809139 0.431045 -0.858104 0.495426 0.134951
-0.381390 -0.241979 -0.892182 -0.558870 -0.708424 0.431045 -0.736347 0.663010 0.134951
-0.423366 -0.157396 -0.892182 -0.693946 -0.576748 0.431045 -0.582409 0.801616 0.134951
-0.446839 -0.065933 -0.892182 -0.798695 -0.419865 0.431045 -0.403016 0.905189 0.134951
-0.450782 0.028410 -0.892182 -0.868536 -0.244632 0.431045 -0.206010 0.969200 0.134951
-0.435025 0.121513 -0.892182 -0.900418 -0.058707 0.431045 0.000000 0.990852 0.134951
-0.400254 0.209304 -0.892182 -0.892948 0.129784 0.431045 0.206010 0.969200 0.134951
-0.347991 0.287948 -0.892182 -0.846452 0.312601 0.431045 0.403016 0.905189 0.134951
-0.280519 0.354007 -0.892182 -0.762961 0.481758 0.431045 0.582409 0.801616 0.134951
-0.200787 0.404594 -0.892182 -0.646125 0.629858 0.431045 0.736347 0.663010 0.134951
-0.112279 0.437499 -0.892182 -0.501051 0.750432 0.431045 0.858104 0.495426 0.134951
-0.018865 0.451283 -0.892182 -0.334079 0.838207 0.431045 0.942356 0.306190 0.134951
0.075375 0.445343 -0.892182 -0.152505 0.889349 0.431045 0.985424 0.103572 0.134951
0.166319 0.419940 -0.892182 0.035734 0.901622 0.431045 0.985424 -0.103572 0.134951
0.249996 0.376184 -0.892182 0.222411 0.874490 0.431045 0.942356 -0.306191 0.134951
0.322745 0.315986 -0.892182 0.399367 0.809139 0.431045 0.858103 -0.495426 0.134951
0.381390 0.241978 -0.892182 0.558870 0.708424 0.431045 0.736347 -0.663010 0.134951
0.423366 0.157395 -0.892182 0.693947 0.576748 0.431045 0.582408 -0.801616 0.134951
0.446839 0.065933 -0.892182 0.798695 0.419865 0.431045 0.403016 -0.905189 0.134951
0.450782 -0.028411 -0.892182 0.868536 0.244632 0.431045 0.206010 -0.969200 0.134951
0.913367 0.075346 0.400104 -0.407136 0.169029 0.897591 0.000000 -0.982727 0.185061
0.909073 -0.116201 0.400104 -0.363096 0.249984 0.897591 -0.204321 -0.961252 0.185061
0.865048 -0.302668 0.400104 -0.303187 0.320013 0.897591 -0.399711 -0.897766 0.185061
0.783216 -0.475908 0.400104 -0.230027 0.376056 0.897591 -0.577633 -0.795043 0.185061
0.667155 -0.628348 0.400104 -0.146815 0.415664 0.897591 -0.730308 -0.657573 0.185061
0.521934 -0.753327 0.400104 -0.057185 0.437105 0.897591 -0.851067 -0.491363 0.185061
0.353904 -0.845381 0.400104 0.034944 0.439443 0.897591 -0.934629 -0.303680 0.185061
0.170405 -0.900488 0.400104 0.125546 0.422574 0.897591 -0.977344 -0.102723 0.185061
-0.020540 -0.916240 0.400104 0.210660 0.387238 0.897591 -0.977344 0.102723 0.185061
-0.210589 -0.891947 0.400104 0.286568 0.334977 0.897591 -0.934629 0.303679 0.185061
-0.391432 -0.828672 0.400104 0.349952 0.268076 0.897591 -0.851067 0.491363 0.185061
-0.555170 -0.729180 0.400104 0.398040 0.189459 0.897591 -0.730308 0.657573 0.185061
-0.694643 -0.597820 0.400104 0.428733 0.102562 0.897591 -0.577633 0.795043 0.185061
-0.803757 -0.440331 0.400104 0.440688 0.011182 0.897591 -0.399711 0.897766 0.185061
-0.877743 -0.263599 0.400104 0.433383 -0.080687 0.897591 -0.204321 0.961252 0.185061
-0.913367 -0.075345 0.400104 0.407136 -0.169029 0.897591 0.000000 0.982727 0.185061
-0.909073 0.116201 0.400104 0.363096 -0.249984 0.897591 0.204321 0.961252 0.185061
-0.865048 0.302669 0.400104 0.303187 -0.320013 0.897591 0.399711 0.897766 0.185061
-0.783216 0.475909 0.400104 0.230027 -0.376056 0.897591 0.577633 0.795043 0.185061
-0.667154 0.628348 0.400104 0.146814 -0.415664 0.897591 0.730308 0.657573 0.185061
-0.521934 0.753327 0.400104 0.057185 -0.437105 0.897591 0.851067 0.491363 0.185061
-0.353904 0.845381 0.400104 -0.034944 -0.439443 0.897591 0.934629 0.303679 0.185061
-0.170405 0.900488 0.400104 -0.125546 -0.422574 0.897591 0.977344 0.102723 0.185061
0.020540 0.916240 0.400104 -0.210660 -0.387238 0.897591 0.977344 -0.102723 0.185061
0.210589 0.891947 0.400104 -0.286568 -0.334977 0.897591 0.934629 -0.303680 0.185061
0.391433 0.828672 0.400104 -0.349952 -0.268076 0.897591 0.851067 -0.491363 0.185061
0.555170 0.729180 0.400104 -0.398041 -0.189459 0.897591 0.730308 -0.657573 0.185061
0.694643 0.597819 0.400104 -0.428733 -0.102562 0.897591 0.577633 -0.795043 0.185061
0.803757 0.440331 0.400104 -0.440688 -0.011182 0.897591 0.399711 -0.897766 0.185061
0.877743 0.263599 0.400104 -0.433383 0.080687 0.897591 0.204321 -0.961252 0.185061
0.952095 -0.185689 0.242971 -0.305803 -0.578129 0.756473 0.000000 -0.794536 -0.607217
0.892682 -0.379583 0.242971 -0.419320 -0.501915 0.756473 -0.165193 -0.777173 -0.607217
0.794256 -0.556887 0.242971 -0.514511 -0.403766 0.756473 -0.323167 -0.725845 -0.607217
0.661116 -0.709853 0.242971 -0.587215 -0.287969 0.756473 -0.467016 -0.642793 -0.607217
0.499082 -0.831794 0.242971 -0.634255 -0.159588 0.756473 -0.590455 -0.531648 -0.607217
0.315236 -0.917383 0.242971 -0.653575 -0.024231 0.756473 -0.688088 -0.397268 -0.607217
0.117613 -0.962877 0.242971 -0.644331 0.112184 0.756473 -0.755648 -0.245525 -0.607217
-0.085151 -0.966289 0.242971 -0.606927 0.243697 0.756473 -0.790183 -0.083052 -0.607217
-0.284192 -0.927469 0.242971 -0.542997 0.364558 0.756473 -0.790183 0.083051 -0.607217
-0.470814 -0.848115 0.242971 -0.455335 0.469487 0.756473 -0.755648 0.245525 -0.607217
-0.636858 -0.731694 0.242971 -0.347773 0.553897 0.756473 -0.688088 0.397267 -0.607217
-0.775069 -0.583294 0.242971 -0.225011 0.614099 0.756473 -0.590455 0.531648 -0.607217
-0.879406 -0.409402 0.242971 -0.092416 0.647462 0.756473 -0.467017 0.642793 -0.607217
-0.945308 -0.217617 0.242971 0.044219 0.652528 0.756473 -0.323167 0.725844 -0.607217
-0.969896 -0.016321 0.242971 0.178920 0.629075 0.756473 -0.165194 0.777173 -0.607217
-0.952095 0.185689 0.242971 0.305803 0.578129 0.756473 0.000000 0.794536 -0.607217
-0.892682 0.379583 0.242971 0.419320 0.501915 0.756473 0.165194 0.777173 -0.607217
-0.794255 0.556887 0.242971 0.514511 0.403765 0.756473 0.323167 0.725844 -0.607217
-0.661115 0.709853 0.242971 0.587215 0.287969 0.756473 0.467017 0.642793 -0.607217
-0.499082 0.831794 0.242971 0.634255 0.159588 0.756473 0.590455 0.531648 -0.607217
-0.315236 0.917383 0.242971 0.653576 0.024231 0.756473 0.688088 0.397267 -0.607217
-0.117613 0.962877 0.242971 0.644331 -0.112184 0.756473 0.755648 0.245525 -0.607217
0.085151 0.966289 0.242971 0.606927 -0.243697 0.756473 0.790183 0.083051 -0.607217
0.284193 0.927469 0.242971 0.542996 -0.364559 0.756473 0.790183 -0.083052 -0.607217
0.470814 0.848115 0.242971 0.455334 -0.469488 0.756473 0.755648 -0.245525 -0.607217
0.636859 0.731694 0.242971 0.347773 -0.553897 0.756473 0.688088 -0.397268 -0.607217
0.775070 0.583294 0.242971 0.225011 -0.614099 0.756473 0.590455 -0.531648 -0.607217
0.879406 0.409402 0.242971 0.092416 -0.647462 0.756473 0.467016 -0.642793 -0.607217
0.945308 0.217616 0.242971 -0.044219 -0.652528 0.756473 0.323167 -0.725845 -0.607217
0.969896 0.016321 0.242971 -0.178921 -0.629075 0.756473 0.165193 -0.777173 -0.607217
-0.903266 0.283278 0.322281 -0.429082 -0.596332 -0.678437 0.000000 -0.751094 0.660196
-0.824630 0.464887 0.322281 -0.543690 -0.494090 -0.678437 -0.156161 -0.734680 0.660196
-0.709955 0.626178 0.322281 -0.634536 -0.370253 -0.678437 -0.305497 -0.686158 0.660196
-0.564251 0.760103 0.322281 -0.697650 -0.230235 -0.678437 -0.441482 -0.607647 0.660196
-0.393886 0.860807 0.322281 -0.730273 -0.080154 -0.678437 -0.558171 -0.502580 0.660196
-0.206307 0.923890 0.322281 -0.730980 0.073430 -0.678437 -0.650466 -0.375547 0.660196
-0.009711 0.946594 0.322281 -0.699739 0.223804 -0.678437 -0.714332 -0.232101 0.660196
0.187309 0.927928 0.322281 -0.637917 0.364398 -0.678437 -0.746979 -0.078511 0.660196
0.376143 0.868707 0.322281 -0.548214 0.489065 -0.678437 -0.746979 0.078510 0.660196
0.548538 0.771519 0.322281 -0.434552 0.592358 -0.678437 -0.714332 0.232101 0.660196
0.696958 0.640612 0.322281 -0.301898 0.669762 -0.678437 -0.650466 0.375546 0.660196
0.814919 0.481707 0.322281 -0.156049 0.717894 -0.678437 -0.558171 0.502580 0.660196
0.897264 0.301750 0.322281 -0.003381 0.734651 -0.678437 -0.441482 0.607647 0.660196
0.940394 0.108604 0.322281 0.149436 0.719300 -0.678437 -0.305497 0.686158 0.660196
0.942424 -0.089288 0.322281 0.295721 0.672512 -0.678437 -0.156162 0.734680 0.660196
0.903266 -0.283278 0.322281 0.429082 0.596332 -0.678437 0.000000 0.751094 0.660196
0.824630 -0.464888 0.322281 0.543690 0.494089 -0.678437 0.156162 0.734680 0.660196
0.709955 -0.626179 0.322281 0.634536 0.370253 -0.678437 0.305497 0.686158 0.660196
0.564250 -0.760103 0.322281 0.697650 0.230235 -0.678437 0.441482 0.607647 0.660196
0.393886 -0.860807 0.322281 0.730273 0.080154 -0.678437 0.558171 0.502580 0.660196
0.206306 -0.923890 0.322281 0.730980 -0.073430 -0.678437 0.650466 0.375546 0.660196
0.009711 -0.946594 0.322281 0.699739 -0.223804 -0.678437 0.714332 0.232101 0.660196
-0.187310 -0.927928 0.322281 0.637916 -0.364398 -0.678437 0.746979 0.078510 0.660196
-0.376143 -0.868707 0.322281 0.548214 -0.489065 -0.678437 0.746979 -0.078511 0.660196
-0.548538 -0.771519 0.322281 0.434552 -0.592358 -0.678437 0.714332 -0.232101 0.660196
-0.696959 -0.640612 0.322281 0.301898 -0.669762 -0.678437 0.650466 -0.375547 0.660196
-0.814919 -0.481707 0.322281 0.156049 -0.717894 -0.678437 0.558171 -0.502580 0.660196
-0.897264 -0.301750 0.322281 0.003381 -0.734651 -0.678437 0.441482 -0.607647 0.660196
-0.940394 -0.108604 0.322281 -0.149436 -0.719300 -0.678437 0.305497 -0.686158 0.660196
-0.942424 0.089288 0.322281 -0.295721 -0.672512 -0.678437 0.156161 -0.734680 0.660196
-0.605341 0.666507 -0.435122 0.795967 0.506885 -0.330914 0.000000 -0.546659 -0.837356
-0.453537 0.777800 -0.435122 0.883960 0.330318 -0.330914 -0.113657 -0.534713 -0.837356
-0.281913 0.855099 -0.435122 0.933321 0.139314 -0.330914 -0.222346 -0.499398 -0.837356
-0.097967 0.895026 -0.435122 0.941890 -0.057779 -0.330914 -0.321318 -0.442256 -0.837356
0.090259 0.895836 -0.435122 0.909295 -0.252346 -0.330914 -0.406246 -0.365786 -0.837356
0.274542 0.857494 -0.435122 0.836959 -0.435885 -0.330914 -0.473420 -0.273329 -0.837356
0.446825 0.781675 -0.435122 0.728044 -0.600373 -0.330914 -0.519903 -0.168927 -0.837356
0.599581 0.671693 -0.435122 0.587309 -0.738623 -0.330914 -0.543664 -0.057141 -0.837356
0.726131 0.532355 -0.435122 0.420907 -0.844590 -0.330914 -0.543664 0.057141 -0.837356
0.820947 0.369751 -0.435122 0.236109 -0.913646 -0.330914 -0.519903 0.168927 -0.837356
0.879882 0.190987 -0.435122 0.040992 -0.942770 -0.330914 -0.473420 0.273329 -0.837356
0.900363 0.003875 -0.435122 -0.155917 -0.930691 -0.330914 -0.406246 0.365786 -0.837356
0.881494 -0.183405 -0.435122 -0.346011 -0.877936 -0.330914 -0.321318 0.442256 -0.837356
0.824099 -0.362671 -0.435122 -0.520983 -0.786811 -0.330914 -0.222346 0.499397 -0.837356
0.730687 -0.526085 -0.435122 -0.673185 -0.661300 -0.330914 -0.113657 0.534713 -0.837356
0.605340 -0.666507 -0.435122 -0.795967 -0.506885 -0.330914 0.000000 0.546659 -0.837356
0.453537 -0.777800 -0.435122 -0.883960 -0.330317 -0.330914 0.113657 0.534713 -0.837356
0.281913 -0.855099 -0.435122 -0.933321 -0.139314 -0.330914 0.222346 0.499397 -0.837356
0.097967 -0.895026 -0.435122 -0.941890 0.057779 -0.330914 0.321318 0.442256 -0.837356
-0.090260 -0.895836 -0.435122 -0.909295 0.252346 -0.330914 0.406246 0.365786 -0.837356
-0.274543 -0.857494 -0.435122 -0.836959 0.435885 -0.330914 0.473420 0.273329 -0.837356
-0.446826 -0.781675 -0.435122 -0.728044 0.600373 -0.330914 0.519903 0.168927 -0.837356
-0.599581 -0.671693 -0.435122 -0.587309 0.738623 -0.330914 0.543664 0.057141 -0.837356
-0.726131 -0.532355 -0.435122 -0.420907 0.844590 -0.330914 0.543664 -0.057141 -0.837356
-0.820947 -0.369750 -0.435122 -0.236109 0.913646 -0.330914 0.519903 -0.168927 -0.837356
-0.879882 -0.190987 -0.435122 -0.040992 0.942770 -0.330914 0.473420 -0.273329 -0.837356
-0.900363 -0.003875 -0.435122 0.155917 0.930691 -0.330914 0.406246 -0.365786 -0.837356
-0.881494 0.183405 -0.435122 0.346011 0.877936 -0.330914 0.321318 -0.442256 -0.837356
-0.824099 0.362671 -0.435122 0.520983 0.786811 -0.330914 0.222346 -0.499398 -0.837356
-0.730687 0.526085 -0.435122 0.673186 0.661299 -0.330914 0.113657 -0.534713 -0.837356
-0.994201 -0.038885 0.100259 -0.107536 0.359497 -0.926929 0.000000 -0.932336 -0.361594
-0.980560 0.168672 0.100259 -0.030442 0.373999 -0.926929 -0.193844 -0.911962 -0.361594
-0.924064 0.368855 0.100259 0.047982 0.372155 -0.926929 -0.379215 -0.851731 -0.361594
-0.827181 0.552919 0.100259 0.124309 0.354047 -0.926929 -0.548013 -0.754275 -0.361594
-0.694147 0.712817 0.100259 0.195203 0.320465 -0.926929 -0.692860 -0.623855 -0.361594
-0.530775 0.841562 0.100259 0.257566 0.272877 -0.926929 -0.807427 -0.466168 -0.361594
-0.344207 0.933526 0.100259 0.308671 0.213363 -0.926929 -0.886704 -0.288108 -0.361594
-0.142593 0.984690 0.100259 0.346287 0.144524 -0.926929 -0.927228 -0.097456 -0.361594
0.065251 0.992819 0.100259 0.368768 0.069369 -0.926929 -0.927228 0.097455 -0.361594
0.270244 0.957557 0.100259 0.375132 -0.008818 -0.926929 -0.886704 0.288108 -0.361594
0.463425 0.880446 0.100259 0.365101 -0.086620 -0.926929 -0.807427 0.466167 -0.361594
0.636354 0.764854 0.100259 0.339114 -0.160636 -0.926929 -0.692860 0.623854 -0.361594
0.781470 0.615835 0.100259 0.298305 -0.227631 -0.926929 -0.548014 0.754275 -0.361594
0.892432 0.439901 0.100259 0.244459 -0.284678 -0.926929 -0.379215 0.851731 -0.361594
0.964391 0.244741 0.100259 0.179930 -0.329283 -0.926929 -0.193844 0.911962 -0.361594
0.994201 0.038884 0.100259 0.107536 -0.359497 -0.926929 0.000000 0.932336 -0.361594
0.980560 -0.168672 0.100259 0.030442 -0.373999 -0.926929 0.193844 0.911962 -0.361594
0.924064 -0.368856 0.100259 -0.047982 -0.372155 -0.926929 0.379215 0.851731 -0.361594
0.827181 -0.552919 0.100259 -0.124309 -0.354047 -0.926929 0.548014 0.754275 -0.361594
0.694147 -0.712817 0.100259 -0.195203 -0.320465 -0.926929 0.692860 0.623854 -0.361594
0.530775 -0.841562 0.100259 -0.257566 -0.272877 -0.926929 0.807427 0.466167 -0.361594
0.344206 -0.933526 0.100259 -0.308671 -0.213363 -0.926929 0.886704 0.288108 -0.361594
0.142593 -0.984690 0.100259 -0.346287 -0.144524 -0.926929 0.927228 0.097455 -0.361594
-0.065251 -0.992819 0.100259 -0.368768 -0.069369 -0.926929 0.927228 -0.097456 -0.361594
-0.270244 -0.957557 0.100259 -0.375132 0.008818 -0.926929 0.886704 -0.288108 -0.361594
-0.463426 -0.880446 0.100259 -0.365101 0.086620 -0.926929 0.807427 -0.466168 -0.361594
-0.636354 -0.764854 0.100259 -0.339114 0.160636 -0.926929 0.692860 -0.623855 -0.361594
-0.781470 -0.615835 0.100259 -0.298305 0.227631 -0.926929 0.548013 -0.754275 -0.361594
-0.892433 -0.439900 0.100259 -0.244459 0.284678 -0.926929 0.379215 -0.851731 -0.361594
-0.964391 -0.244741 0.100259 -0.179929 0.329283 -0.926929 0.193844 -0.911962 -0.361594
-0.735890 0.486216 -0.471232 0.677101 0.528432 -0.512146 0.000000 -0.695955 -0.718086
-0.618719 0.628592 -0.471232 0.772172 0.376107 -0.512146 -0.144697 -0.680746 -0.718086
-0.474507 0.743494 -0.471232 0.833495 0.207345 -0.512146 -0.283070 -0.635786 -0.718086
-0.309557 0.825903 -0.471232 0.858391 0.029520 -0.512146 -0.409072 -0.563039 -0.718086
-0.131078 0.872215 -0.471232 0.845771 -0.149594 -0.512146 -0.517195 -0.465685 -0.718086
0.053131 0.880408 -0.471232 0.796186 -0.322171 -0.512146 -0.602715 -0.347977 -0.718086
0.235016 0.850122 -0.471232 0.711805 -0.480667 -0.512146 -0.661892 -0.215062 -0.718086
0.406632 0.782682 -0.471232 0.596314 -0.618156 -0.512146 -0.692142 -0.072747 -0.718086
0.560474 0.681036 -0.471232 0.454761 -0.728628 -0.512146 -0.692142 0.072747 -0.718086
0.689822 0.549624 -0.471232 0.293333 -0.807256 -0.512146 -0.661892 0.215062 -0.718086
0.789021 0.394192 -0.471232 0.119086 -0.850603 -0.512146 -0.602715 0.347977 -0.718086
0.853736 0.221530 -0.471232 -0.060367 -0.856774 -0.512146 -0.517195 0.465685 -0.718086
0.881139 0.039188 -0.471232 -0.237181 -0.825501 -0.512146 -0.409072 0.563039 -0.718086
0.870031 -0.144867 -0.471232 -0.403630 -0.758149 -0.512146 -0.283070 0.635786 -0.718086
0.820899 -0.322591 -0.471232 -0.552437 -0.657662 -0.512146 -0.144697 0.680746 -0.718086
0.735890 -0.486217 -0.471232 -0.677101 -0.528432 -0.512146 0.000000 0.695955 -0.718086
0.618719 -0.628592 -0.471232 -0.772172 -0.376107 -0.512146 0.144697 0.680746 -0.718086
0.474507 -0.743494 -0.471232 -0.833495 -0.207345 -0.512146 0.283070 0.635786 -0.718086
0.309556 -0.825903 -0.471232 -0.858391 -0.029520 -0.512146 0.409072 0.563039 -0.718086
0.131077 -0.872215 -0.471232 -0.845771 0.149594 -0.512146 0.517195 0.465685 -0.718086
-0.053131 -0.880408 -0.471232 -0.796186 0.322171 -0.512146 0.602715 0.347977 -0.718086
-0.235017 -0.850122 -0.471232 -0.711805 0.480667 -0.512146 0.661892 0.215062 -0.718086
-0.406632 -0.782682 -0.471232 -0.596313 0.618156 -0.512146 0.692142 0.072747 -0.718086
-0.560474 -0.681035 -0.471232 -0.454761 0.728628 -0.512146 0.692142 -0.072747 -0.718086
-0.689822 -0.549624 -0.471232 -0.293333 0.807256 -0.512146 0.661892 -0.215062 -0.718086
-0.789021 -0.394191 -0.471232 -0.119085 0.850603 -0.512146 0.602715 -0.347977 -0.718086
-0.853736 -0.221530 -0.471232 0.060368 0.856774 -0.512146 0.517195 -0.465685 -0.718086
-0.881138 -0.039188 -0.471232 0.237182 0.825501 -0.512146 0.409072 -0.563039 -0.718086
-0.870031 0.144868 -0.471232 0.403630 0.758148 -0.512146 0.283070 -0.635786 -0.718086
-0.820899 0.322591 -0.471232 0.552437 0.657662 -0.512146 0.144697 -0.680746 -0.718086
0.948740 -0.131908 0.287216 -0.316058 -0.395961 0.862161 0.000000 -0.908744 -0.417355
0.900582 -0.326280 0.287216 -0.391477 -0.321596 0.862161 -0.188939 -0.888885 -0.417355
0.813065 -0.506391 0.287216 -0.449785 -0.233176 0.862161 -0.369619 -0.830179 -0.417355
0.690013 -0.664371 0.287216 -0.488437 -0.134565 0.862161 -0.534146 -0.735189 -0.417355
0.536804 -0.793315 0.287216 -0.505741 -0.030073 0.862161 -0.675328 -0.608068 -0.417355
0.360134 -0.887587 0.287216 -0.500942 0.075734 0.862161 -0.786995 -0.454372 -0.417355
0.167725 -0.943067 0.287216 -0.474249 0.178230 0.862161 -0.864266 -0.280818 -0.417355
-0.032016 -0.957331 0.287216 -0.426829 0.272938 0.862161 -0.903765 -0.094990 -0.417355
-0.230356 -0.929754 0.287216 -0.360755 0.355716 0.862161 -0.903765 0.094989 -0.417355
-0.418629 -0.861543 0.287216 -0.278914 0.422948 0.862161 -0.864266 0.280817 -0.417355
-0.588606 -0.755679 0.287216 -0.184884 0.471695 0.862161 -0.786995 0.454371 -0.417355
-0.732858 -0.616787 0.287216 -0.082772 0.499827 0.862161 -0.675328 0.608068 -0.417355
-0.845080 -0.450940 0.287216 0.022956 0.506114 0.862161 -0.534146 0.735189 -0.417355
-0.920369 -0.265383 0.287216 0.127682 0.490281 0.862161 -0.369619 0.830178 -0.417355
-0.955433 -0.068229 0.287216 0.226826 0.453021 0.862161 -0.188939 0.888885 -0.417355
-0.948740 0.131908 0.287216 0.316058 0.395961 0.862161 0.000000 0.908744 -0.417355
-0.900582 0.326280 0.287216 0.391477 0.321596 0.862161 0.188939 0.888885 -0.417355
-0.813065 0.506392 0.287216 0.449785 0.233176 0.862161 0.369619 0.830178 -0.417355
-0.690013 0.664372 0.287216 0.488437 0.134565 0.862161 0.534146 0.735189 -0.417355
-0.536804 0.793315 0.287216 0.505741 0.030073 0.862161 0.675328 0.608068 -0.417355
-0.360133 0.887587 0.287216 0.500942 -0.075734 0.862161 0.786995 0.454371 -0.417355
-0.167724 0.943067 0.287216 0.474249 -0.178230 0.862161 0.864266 0.280817 -0.417355
0.032016 0.957331 0.287216 0.426829 -0.272938 0.862161 0.903765 0.094989 -0.417355
0.230356 0.929754 0.287216 0.360755 -0.355716 0.862161 0.903765 -0.094990 -0.417355
0.418629 0.861543 0.287216 0.278914 -0.422948 0.862161 0.864266 -0.280818 -0.417355
0.588606 0.755679 0.287216 0.184883 -0.471695 0.862161 0.786995 -0.454372 -0.417355
0.732858 0.616787 0.287216 0.082772 -0.499827 0.862161 0.675328 -0.608068 -0.417355
0.845080 0.450939 0.287216 -0.022956 -0.506114 0.862161 0.534146 -0.735189 -0.417355
0.920369 0.265383 0.287216 -0.127682 -0.490281 0.862161 0.369619 -0.830179 -0.417355
0.955433 0.068228 0.287216 -0.226826 -0.453021 0.862161 0.188939 -0.888885 -0.417355
-0.361822 -0.389518 -0.846971 0.932247 -0.151179 -0.328725 0.000000 -0.908527 0.417827
-0.434901 -0.305779 -0.846971 0.880444 -0.341701 -0.328725 -0.188893 -0.888673 0.417827
-0.488972 -0.208677 -0.846971 0.790160 -0.517288 -0.328725 -0.369531 -0.829980 0.417827
-0.521673 -0.102453 -0.846971 0.665343 -0.670268 -0.328725 -0.534019 -0.735013 0.417827
-0.531574 0.008247 -0.846971 0.511448 -0.793953 -0.328725 -0.675167 -0.607923 0.417827
-0.518243 0.118588 -0.846971 0.335199 -0.882939 -0.328725 -0.786807 -0.454263 0.417827
-0.482263 0.223745 -0.846971 0.144301 -0.933337 -0.328725 -0.864060 -0.280751 0.417827
-0.425205 0.319124 -0.846971 -0.052904 -0.942943 -0.328725 -0.903550 -0.094967 0.417827
-0.349564 0.400555 -0.846971 -0.247797 -0.911338 -0.328725 -0.903550 0.094967 0.417827
-0.258645 0.464481 -0.846971 -0.431860 -0.839903 -0.328725 -0.864060 0.280750 0.417827
-0.156422 0.508106 -0.846971 -0.597048 -0.731761 -0.328725 -0.786807 0.454263 0.417827
-0.047362 0.529524 -0.846971 -0.736143 -0.591636 -0.328725 -0.675167 0.607923 0.417827
0.063767 0.527800 -0.846971 -0.843064 -0.425655 -0.328725 -0.534019 0.735013 0.417827
0.172109 0.503009 -0.846971 -0.913140 -0.241070 -0.328725 -0.369531 0.829980 0.417827
0.272929 0.456233 -0.846971 -0.943307 -0.045950 -0.328725 -0.188894 0.888673 0.417827
0.361822 0.389518 -0.846971 -0.932247 0.151179 -0.328725 0.000000 0.908527 0.417827
0.434901 0.305779 -0.846971 -0.880443 0.341701 -0.328725 0.188894 0.888673 0.417827
0.488972 0.208676 -0.846971 -0.790160 0.517288 -0.328725 0.369531 0.829980 0.417827
0.521673 0.102453 -0.846971 -0.665343 0.670268 -0.328725 0.534019 0.735013 0.417827
0.531574 -0.008247 -0.846971 -0.511447 0.793953 -0.328725 0.675167 0.607923 0.417827
0.518243 -0.118588 -0.846971 -0.335198 0.882940 -0.328725 0.786807 0.454263 0.417827
0.482263 -0.223745 -0.846971 -0.144301 0.933337 -0.328725 0.864060 0.280750 0.417827
0.425205 -0.319124 -0.846971 0.052905 0.942943 -0.328725 0.903550 0.094967 0.417827
0.349564 -0.400555 -0.846971 0.247797 0.911338 -0.328725 0.903550 -0.094967 0.417827
0.258644 -0.464481 -0.846971 0.431860 0.839903 -0.328725 0.864060 -0.280751 0.417827
0.156422 -0.508106 -0.846971 0.597048 0.731761 -0.328725 0.786807 -0.454263 0.417827
0.047362 -0.529525 -0.846971 0.736143 0.591636 -0.328725 0.675167 -0.607923 0.417827
-0.063767 -0.527800 -0.846971 0.843065 0.425655 -0.328725 0.534019 -0.735013 0.417827
-0.172109 -0.503009 -0.846971 0.913140 0.241070 -0.328725 0.369531 -0.829980 0.417827
-0.272930 -0.456233 -0.846971 0.943307 0.045950 -0.328725 0.188893 -0.888673 0.417827
-0.298708 0.743760 -0.597992 0.954345 0.232796 -0.187170 0.000000 -0.626600 -0.779341
-0.137544 0.789612 -0.597992 0.981891 0.029289 -0.187170 -0.130278 -0.612907 -0.779341
0.029631 0.800954 -0.597992 0.966524 -0.175498 -0.187170 -0.254861 -0.572427 -0.779341
0.195512 0.777291 -0.597992 0.908915 -0.372614 -0.187170 -0.368306 -0.506930 -0.779341
0.352847 0.719656 -0.597992 0.811582 -0.553446 -0.187170 -0.465654 -0.419277 -0.779341
0.494761 0.630569 -0.597992 0.678779 -0.710089 -0.187170 -0.542651 -0.313300 -0.779341
0.615052 0.513923 -0.597992 0.516311 -0.835698 -0.187170 -0.595932 -0.193630 -0.779341
0.708462 0.374815 -0.597992 0.331276 -0.924783 -0.187170 -0.623167 -0.065497 -0.779341
0.770909 0.219328 -0.597992 0.131764 -0.973450 -0.187170 -0.623167 0.065497 -0.779341
0.799664 0.054253 -0.597992 -0.073507 -0.979573 -0.187170 -0.595932 0.193630 -0.779341
0.793469 -0.113191 -0.597992 -0.275565 -0.942885 -0.187170 -0.542652 0.313300 -0.779341
0.752596 -0.275689 -0.597992 -0.465581 -0.864987 -0.187170 -0.465654 0.419277 -0.779341
0.678831 -0.426138 -0.597992 -0.635247 -0.749285 -0.187170 -0.368306 0.506930 -0.779341
0.575398 -0.557963 -0.597992 -0.777151 -0.600836 -0.187170 -0.254861 0.572427 -0.779341
0.446817 -0.665402 -0.597992 -0.885089 -0.426128 -0.187170 -0.130278 0.612907 -0.779341
0.298708 -0.743760 -0.597992 -0.954345 -0.232795 -0.187170 0.000000 0.626600 -0.779341
0.137544 -0.789612 -0.597992 -0.981891 -0.029288 -0.187170 0.130278 0.612907 -0.779341
-0.029631 -0.800954 -0.597992 -0.966524 0.175498 -0.187170 0.254861 0.572427 -0.779341
-0.195512 -0.777290 -0.597992 -0.908914 0.372615 -0.187170 0.368306 0.506930 -0.779341
-0.352847 -0.719656 -0.597992 -0.811582 0.553446 -0.187170 0.465654 0.419277 -0.779341
-0.494762 -0.630568 -0.597992 -0.678779 0.710089 -0.187170 0.542652 0.313300 -0.779341
-0.615052 -0.513923 -0.597992 -0.516310 0.835698 -0.187170 0.595932 0.193630 -0.779341
-0.708462 -0.374815 -0.597992 -0.331276 0.924783 -0.187170 0.623167 0.065497 -0.779341
-0.770909 -0.219327 -0.597992 -0.131764 0.973450 -0.187170 0.623167 -0.065497 -0.779341
-0.799664 -0.054253 -0.597992 0.073508 0.979573 -0.187170 0.595932 -0.193630 -0.779341
-0.793469 0.113191 -0.597992 0.275566 0.942884 -0.187170 0.542651 -0.313300 -0.779341
-0.752596 0.275690 -0.597992 0.465581 0.864987 -0.187170 0.465654 -0.419277 -0.779341
-0.678831 0.426138 -0.597992 0.635247 0.749285 -0.187170 0.368306 -0.506930 -0.779341
-0.575397 0.557963 -0.597992 0.777151 0.600836 -0.187170 0.254861 -0.572427 -0.779341
-0.446817 0.665402 -0.597992 0.885089 0.426128 -0.187170 0.130278 -0.612907 -0.779341
-0.528678 0.838260 -0.133493 0.848822 0.522099 -0.083144 0.000000 -0.157268 -0.987556
-0.342841 0.929860 -0.133493 0.938824 0.334210 -0.083144 -0.032698 -0.153831 -0.987556
-0.142021 0.980821 -0.133493 0.987795 0.131714 -0.083144 -0.063967 -0.143671 -0.987556
0.065007 0.988915 -0.133493 0.993594 -0.076538 -0.083144 -0.092440 -0.127232 -0.987556
0.269193 0.953790 -0.133493 0.955968 -0.281445 -0.083144 -0.116873 -0.105233 -0.987556
0.461615 0.876978 -0.133493 0.876562 -0.474052 -0.083144 -0.136198 -0.078634 -0.987556
0.633862 0.761839 -0.133493 0.758847 -0.645940 -0.083144 -0.149571 -0.048599 -0.987556
0.778406 0.613404 -0.133493 0.607965 -0.789598 -0.083144 -0.156406 -0.016439 -0.987556
0.888929 0.438160 -0.133493 0.430513 -0.898747 -0.083144 -0.156406 0.016439 -0.987556
0.960603 0.243766 -0.133493 0.234245 -0.968616 -0.083144 -0.149571 0.048598 -0.987556
0.990293 0.038719 -0.133493 0.027740 -0.996151 -0.083144 -0.136198 0.078634 -0.987556
0.976703 -0.168021 -0.133493 -0.179978 -0.980150 -0.083144 -0.116873 0.105233 -0.987556
0.920426 -0.367417 -0.133493 -0.379829 -0.921313 -0.083144 -0.092440 0.127232 -0.987556
0.823922 -0.550756 -0.133493 -0.563081 -0.822208 -0.083144 -0.063967 0.143671 -0.987556
0.691409 -0.710023 -0.133493 -0.721723 -0.687170 -0.083144 -0.032698 0.153831 -0.987556
0.528678 -0.838260 -0.133493 -0.848822 -0.522099 -0.083144 0.000000 0.157268 -0.987556
0.342841 -0.929860 -0.133493 -0.938824 -0.334209 -0.083144 0.032698 0.153831 -0.987556
0.142020 -0.980821 -0.133493 -0.987795 -0.131714 -0.083144 0.063967 0.143671 -0.987556
-0.065008 -0.988915 -0.133493 -0.993594 0.076539 -0.083144 0.092440 0.127232 -0.987556
-0.269194 -0.953789 -0.133493 -0.955968 0.281446 -0.083144 0.116873 0.105233 -0.987556
-0.461616 -0.876978 -0.133493 -0.876562 0.474053 -0.083144 0.136198 0.078634 -0.987556
-0.633862 -0.761839 -0.133493 -0.758846 0.645941 -0.083144 0.149571 0.048598 -0.987556
-0.778406 -0.613403 -0.133493 -0.607965 0.789599 -0.083144 0.156406 0.016439 -0.987556
-0.888929 -0.438160 -0.133493 -0.430513 0.898747 -0.083144 0.156406 -0.016439 -0.987556
-0.960603 -0.243766 -0.133493 -0.234245 0.968616 -0.083144 0.149571 -0.048599 -0.987556
-0.990293 -0.038719 -0.133493 -0.027740 0.996151 -0.083144 0.136198 -0.078634 -0.987556
-0.976703 0.168021 -0.133493 0.179978 0.980150 -0.083144 0.116873 -0.105233 -0.987556
-0.920426 0.367417 -0.133493 0.379830 0.921312 -0.083144 0.092440 -0.127232 -0.987556
-0.823922 0.550756 -0.133493 0.563081 0.822208 -0.083144 0.063967 -0.143671 -0.987556
-0.691409 0.710023 -0.133493 0.721723 0.687170 -0.083144 0.032698 -0.153831 -0.987556
0.569932 0.491447 0.658526 -0.821692 0.340872 0.456760 0.000000 -0.801427 0.598092
0.659656 0.362212 0.658526 -0.732864 0.504263 0.456760 -0.166626 -0.783914 0.598092
0.720549 0.217147 0.658526 -0.612007 0.645614 0.456760 -0.325970 -0.732140 0.598092
0.749951 0.062591 0.658526 -0.464403 0.758750 0.456760 -0.471067 -0.648368 0.598092
0.746576 -0.094700 0.658526 -0.296502 0.838724 0.456760 -0.595576 -0.536260 0.598092
0.710572 -0.247853 0.658526 -0.115642 0.882042 0.456760 -0.694057 -0.400714 0.598092
0.643513 -0.390172 0.658526 0.070272 0.886810 0.456760 -0.762203 -0.247655 0.598092
0.548329 -0.515440 0.658526 0.253115 0.852821 0.456760 -0.797037 -0.083772 0.598092
0.429181 -0.618180 0.658526 0.424895 0.781559 0.456760 -0.797037 0.083772 0.598092
0.291275 -0.693904 0.658526 0.578105 0.676140 0.456760 -0.762203 0.247655 0.598092
0.140640 -0.739300 0.658526 0.706049 0.541170 0.456760 -0.694057 0.400713 0.598092
-0.016143 -0.752385 0.658526 0.803136 0.382548 0.456760 -0.595577 0.536260 0.598092
-0.172219 -0.732587 0.658526 0.865122 0.207207 0.456760 -0.471068 0.648368 0.598092
-0.320770 -0.680772 0.658526 0.889298 0.022810 0.456760 -0.325970 0.732140 0.598092
-0.455300 -0.599204 0.658526 0.874607 -0.162584 0.456760 -0.166627 0.783914 0.598092
-0.569933 -0.491447 0.658526 0.821691 -0.340872 0.456760 0.000000 0.801427 0.598092
-0.659656 -0.362212 0.658526 0.732864 -0.504263 0.456760 0.166627 0.783914 0.598092
-0.720549 -0.217147 0.658526 0.612007 -0.645614 0.456760 0.325970 0.732140 0.598092
-0.749951 -0.062591 0.658526 0.464402 -0.758750 0.456760 0.471068 0.648368 0.598092
-0.746576 0.094700 0.658526 0.296502 -0.838724 0.456760 0.595577 0.536260 0.598092
-0.710572 0.247853 0.658526 0.115641 -0.882042 0.456760 0.694057 0.400713 0.598092
-0.643513 0.390173 0.658526 -0.070272 -0.886810 0.456760 0.762203 0.247655 0.598092
-0.548329 0.515440 0.658526 -0.253115 -0.852821 0.456760 0.797037 0.083772 0.598092
-0.429181 0.618181 0.658526 -0.424895 -0.781559 0.456760 0.797037 -0.083772 0.598092
-0.291275 0.693904 0.658526 -0.578106 -0.676140 0.456760 0.762203 -0.247655 0.598092
-0.140640 0.739300 0.658526 -0.706050 -0.541170 0.456760 0.694057 -0.400714 0.598092
0.016143 0.752385 0.658526 -0.803136 -0.382547 0.456760 0.595576 -0.536260 0.598092
0.172220 0.732587 0.658526 -0.865122 -0.207207 0.456760 0.471067 -0.648368 0.598092
0.320770 0.680772 0.658526 -0.889298 -0.022810 0.456760 0.325970 -0.732140 0.598092
0.455301 0.599204 0.658526 -0.874607 0.162584 0.456760 0.166626 -0.783914 0.598092
0.255387 -0.924425 0.283223 -0.966839 -0.244184 0.074812 0.000000 -0.292937 -0.956132
0.057607 -0.957322 0.283223 -0.996480 -0.037830 0.074812 -0.060905 -0.286536 -0.956132
-0.142690 -0.948380 0.283223 -0.982570 0.170176 0.074812 -0.119148 -0.267612 -0.956132
-0.336751 -0.897988 0.283223 -0.925716 0.370745 0.074812 -0.172184 -0.236991 -0.956132
-0.516095 -0.808351 0.283223 -0.828405 0.555111 0.074812 -0.217695 -0.196013 -0.956132
-0.672883 -0.683384 0.283223 -0.694888 0.715216 0.074812 -0.253691 -0.146469 -0.956132
-0.800262 -0.528551 0.283223 -0.531002 0.844061 0.074812 -0.278600 -0.090523 -0.956132
-0.892666 -0.350616 0.283223 -0.343908 0.936018 0.074812 -0.291333 -0.030620 -0.956132
-0.946056 -0.157359 0.283223 -0.141784 0.987067 0.074812 -0.291333 0.030620 -0.956132
-0.958099 0.042776 0.283223 0.066538 0.994975 0.074812 -0.278600 0.090523 -0.956132
-0.928269 0.241041 0.283223 0.271950 0.959399 0.074812 -0.253691 0.146469 -0.956132
-0.857869 0.428772 0.283223 0.465478 0.881892 0.074812 -0.217695 0.196013 -0.956132
-0.749976 0.597763 0.283223 0.638661 0.765842 0.074812 -0.172184 0.236991 -0.956132
-0.609305 0.740629 0.283223 0.783933 0.616321 0.074812 -0.119148 0.267612 -0.956132
-0.442005 0.851126 0.283223 0.894942 0.439865 0.074812 -0.060905 0.286536 -0.956132
-0.255387 0.924425 0.283223 0.966839 0.244183 0.074812 0.000000 0.292937 -0.956132
