0.496506 0.691690 0.524449 -0.868033 0.395640 0.299980 0.000000 -0.604180 0.796848
0.609074 0.594964 0.524449 -0.786144 0.540361 0.299980 -0.104915 -0.595002 0.796848
0.703135 0.480161 0.524449 -0.680367 0.668665 0.299980 -0.206642 -0.567744 0.796848
0.775832 0.350768 0.524449 -0.553919 0.776651 0.299980 -0.302090 -0.523236 0.796848
0.824956 0.210717 0.524449 -0.410639 0.861039 0.299980 -0.388360 -0.462829 0.796848
0.849014 0.064264 0.524449 -0.254883 0.919264 0.299980 -0.462829 -0.388360 0.796848
0.847274 -0.084142 0.524449 -0.091382 0.949559 0.299980 -0.523236 -0.302090 0.796848
0.819791 -0.229992 0.524449 0.074895 0.951001 0.299980 -0.567744 -0.206642 0.796848
0.767399 -0.368853 0.524449 0.238897 0.923548 0.299980 -0.595002 -0.104915 0.796848
0.691690 -0.496507 0.524449 0.395640 0.868033 0.299980 -0.604180 0.000000 0.796848
0.594964 -0.609074 0.524449 0.540362 0.786143 0.299980 -0.595002 0.104915 0.796848
0.480160 -0.703136 0.524449 0.668665 0.680367 0.299980 -0.567744 0.206642 0.796848
0.350768 -0.775832 0.524449 0.776651 0.553919 0.299980 -0.523236 0.302090 0.796848
0.210717 -0.824956 0.524449 0.861039 0.410640 0.299980 -0.462829 0.388360 0.796848
0.064264 -0.849014 0.524449 0.919264 0.254883 0.299980 -0.388360 0.462829 0.796848
-0.084142 -0.847274 0.524449 0.949559 0.091382 0.299980 -0.302090 0.523236 0.796848
-0.229991 -0.819791 0.524449 0.951001 -0.074895 0.299980 -0.206642 0.567744 0.796848
-0.368853 -0.767399 0.524449 0.923548 -0.238897 0.299980 -0.104915 0.595002 0.796848
-0.496507 -0.691690 0.524449 0.868033 -0.395640 0.299980 0.000000 0.604180 0.796848
-0.609074 -0.594964 0.524449 0.786143 -0.540362 0.299980 0.104915 0.595002 0.796848
-0.703135 -0.480161 0.524449 0.680367 -0.668665 0.299980 0.206642 0.567744 0.796848
-0.775832 -0.350768 0.524449 0.553918 -0.776651 0.299980 0.302090 0.523236 0.796848
-0.824956 -0.210717 0.524449 0.410639 -0.861039 0.299980 0.388360 0.462829 0.796848
-0.849014 -0.064263 0.524449 0.254883 -0.919264 0.299980 0.462829 0.388360 0.796848
-0.847274 0.084143 0.524449 0.091382 -0.949559 0.299980 0.523236 0.302090 0.796848
-0.819791 0.229991 0.524449 -0.074895 -0.951001 0.299980 0.567744 0.206642 0.796848
-0.767399 0.368852 0.524449 -0.238897 -0.923548 0.299980 0.595002 0.104915 0.796848
-0.691690 0.496506 0.524449 -0.395640 -0.868033 0.299980 0.604180 0.000000 0.796848
-0.594964 0.609074 0.524449 -0.540362 -0.786144 0.299980 0.595002 -0.104915 0.796848
-0.480161 0.703135 0.524449 -0.668665 -0.680367 0.299980 0.567744 -0.206642 0.796848
-0.350768 0.775832 0.524449 -0.776651 -0.553919 0.299980 0.523236 -0.302090 0.796848
-0.210717 0.824956 0.524449 -0.861039 -0.410639 0.299980 0.462829 -0.388360 0.796848
-0.064264 0.849014 0.524449 -0.919264 -0.254883 0.299980 0.388360 -0.462829 0.796848
0.084142 0.847274 0.524449 -0.949559 -0.091382 0.299980 0.302090 -0.523236 0.796848
0.229992 0.819791 0.524449 -0.951001 0.074895 0.299980 0.206642 -0.567744 0.796848
0.368853 0.767399 0.524449 -0.923548 0.238897 0.299980 0.104915 -0.595002 0.796848
-0.554493 -0.770534 -0.314349 0.832188 -0.513412 -0.209453 0.000000 -0.377738 0.925913
-0.679871 -0.662541 -0.314349 0.730392 -0.650120 -0.209453 -0.065593 -0.371999 0.925913
-0.784591 -0.534417 -0.314349 0.606404 -0.767075 -0.209453 -0.129194 -0.354958 0.925913
-0.865472 -0.390055 -0.314349 0.463990 -0.860722 -0.209453 -0.188869 -0.327131 0.925913
-0.920056 -0.233841 -0.314349 0.307478 -0.928217 -0.209453 -0.242805 -0.289364 0.925913
-0.946684 -0.070523 -0.314349 0.141623 -0.967508 -0.209453 -0.289364 -0.242805 0.925913
-0.944548 0.094939 -0.314349 -0.028535 -0.977402 -0.209453 -0.327131 -0.188869 0.925913
-0.913712 0.257516 -0.314349 -0.197825 -0.957598 -0.209453 -0.354958 -0.129194 0.925913
-0.855114 0.412268 -0.314349 -0.361105 -0.908698 -0.209453 -0.371999 -0.065593 0.925913
-0.770533 0.554494 -0.314349 -0.513413 -0.832188 -0.209453 -0.377738 0.000000 0.925913
-0.662540 0.679872 -0.314349 -0.650121 -0.730392 -0.209453 -0.371999 0.065594 0.925913
-0.534416 0.784592 -0.314349 -0.767075 -0.606403 -0.209453 -0.354957 0.129194 0.925913
-0.390055 0.865472 -0.314349 -0.860722 -0.463990 -0.209453 -0.327131 0.188869 0.925913
-0.233841 0.920056 -0.314349 -0.928217 -0.307478 -0.209453 -0.289364 0.242805 0.925913
-0.070523 0.946684 -0.314349 -0.967508 -0.141624 -0.209453 -0.242805 0.289364 0.925913
0.094939 0.944548 -0.314349 -0.977402 0.028534 -0.209453 -0.188869 0.327131 0.925913
0.257515 0.913713 -0.314349 -0.957598 0.197825 -0.209453 -0.129194 0.354957 0.925913
0.412268 0.855114 -0.314349 -0.908698 0.361105 -0.209453 -0.065594 0.371999 0.925913
0.554494 0.770533 -0.314349 -0.832188 0.513413 -0.209453 0.000000 0.377738 0.925913
0.679871 0.662540 -0.314349 -0.730392 0.650121 -0.209453 0.065594 0.371999 0.925913
0.784591 0.534416 -0.314349 -0.606403 0.767075 -0.209453 0.129194 0.354957 0.925913
0.865472 0.390054 -0.314349 -0.463989 0.860722 -0.209453 0.188869 0.327131 0.925913
0.920056 0.233841 -0.314349 -0.307477 0.928217 -0.209453 0.242805 0.289364 0.925913
0.946684 0.070522 -0.314349 -0.141623 0.967508 -0.209453 0.289364 0.242805 0.925913
0.944548 -0.094939 -0.314349 0.028535 0.977402 -0.209453 0.327131 0.188869 0.925913
0.913713 -0.257515 -0.314349 0.197825 0.957599 -0.209453 0.354957 0.129194 0.925913
0.855114 -0.412268 -0.314349 0.361104 0.908698 -0.209453 0.371999 0.065594 0.925913
0.770534 -0.554493 -0.314349 0.513412 0.832188 -0.209453 0.377738 0.000000 0.925913
0.662541 -0.679871 -0.314349 0.650120 0.730392 -0.209453 0.371999 -0.065593 0.925913
0.534417 -0.784591 -0.314349 0.767075 0.606404 -0.209453 0.354958 -0.129194 0.925913
0.390055 -0.865472 -0.314349 0.860722 0.463990 -0.209453 0.327131 -0.188869 0.925913
0.233841 -0.920056 -0.314349 0.928217 0.307478 -0.209453 0.289364 -0.242805 0.925913
0.070523 -0.946684 -0.314349 0.967508 0.141623 -0.209453 0.242805 -0.289364 0.925913
-0.094939 -0.944548 -0.314349 0.977402 -0.028535 -0.209453 0.188869 -0.327131 0.925913
-0.257516 -0.913712 -0.314349 0.957598 -0.197825 -0.209453 0.129194 -0.354958 0.925913
-0.412268 -0.855114 -0.314349 0.908698 -0.361105 -0.209453 0.065593 -0.371999 0.925913
-0.171590 0.840740 0.513531 -0.985168 -0.146435 -0.089443 0.000000 -0.521262 0.853397
-0.022991 0.857763 0.513531 -0.995630 0.026863 -0.089443 -0.090516 -0.513343 0.853397
0.126308 0.848724 0.513531 -0.975839 0.199344 -0.089443 -0.178282 -0.489826 0.853397
0.271768 0.813897 0.513531 -0.926398 0.365768 -0.089443 -0.260631 -0.451426 0.853397
0.408971 0.754340 0.513531 -0.848809 0.521079 -0.089443 -0.335061 -0.399310 0.853397
0.533748 0.671863 0.513531 -0.745429 0.660557 -0.089443 -0.399310 -0.335061 0.853397
0.642307 0.568971 0.513531 -0.619400 0.779964 -0.089443 -0.451426 -0.260631 0.853397
0.731350 0.448792 0.513531 -0.474551 0.875672 -0.089443 -0.489826 -0.178282 0.853397
0.798171 0.314976 0.513531 -0.315282 0.944774 -0.089443 -0.513343 -0.090516 0.853397
0.840740 0.171590 0.513531 -0.146434 0.985169 -0.089443 -0.521262 0.000000 0.853397
0.857763 0.022990 0.513531 0.026863 0.995630 -0.089443 -0.513343 0.090516 0.853397
0.848724 -0.126308 0.513531 0.199345 0.975839 -0.089443 -0.489826 0.178282 0.853397
0.813897 -0.271768 0.513531 0.365768 0.926398 -0.089443 -0.451426 0.260631 0.853397
0.754340 -0.408971 0.513531 0.521079 0.848809 -0.089443 -0.399310 0.335061 0.853397
0.671863 -0.533748 0.513531 0.660556 0.745429 -0.089443 -0.335061 0.399310 0.853397
0.568971 -0.642307 0.513531 0.779964 0.619400 -0.089443 -0.260631 0.451426 0.853397
0.448792 -0.731349 0.513531 0.875672 0.474551 -0.089443 -0.178282 0.489826 0.853397
0.314976 -0.798171 0.513531 0.944773 0.315282 -0.089443 -0.090516 0.513343 0.853397
0.171590 -0.840740 0.513531 0.985168 0.146434 -0.089443 0.000000 0.521262 0.853397
0.022990 -0.857763 0.513531 0.995630 -0.026863 -0.089443 0.090516 0.513343 0.853397
-0.126308 -0.848724 0.513531 0.975839 -0.199344 -0.089443 0.178282 0.489826 0.853397
-0.271769 -0.813897 0.513531 0.926398 -0.365769 -0.089443 0.260631 0.451426 0.853397
-0.408972 -0.754340 0.513531 0.848809 -0.521079 -0.089443 0.335061 0.399310 0.853397
-0.533748 -0.671862 0.513531 0.745429 -0.660557 -0.089443 0.399310 0.335061 0.853397
-0.642307 -0.568971 0.513531 0.619400 -0.779964 -0.089443 0.451426 0.260631 0.853397
-0.731349 -0.448792 0.513531 0.474551 -0.875672 -0.089443 0.489826 0.178282 0.853397
-0.798170 -0.314976 0.513531 0.315283 -0.944773 -0.089443 0.513343 0.090516 0.853397
-0.840740 -0.171590 0.513531 0.146435 -0.985168 -0.089443 0.521262 0.000000 0.853397
-0.857763 -0.022990 0.513531 -0.026863 -0.995630 -0.089443 0.513343 -0.090516 0.853397
-0.848724 0.126308 0.513531 -0.199344 -0.975839 -0.089443 0.489826 -0.178282 0.853397
-0.813897 0.271768 0.513531 -0.365768 -0.926398 -0.089443 0.451426 -0.260631 0.853397
-0.754340 0.408971 0.513531 -0.521079 -0.848809 -0.089443 0.399310 -0.335061 0.853397
-0.671863 0.533748 0.513531 -0.660557 -0.745429 -0.089443 0.335061 -0.399310 0.853397
-0.568971 0.642307 0.513531 -0.779964 -0.619400 -0.089443 0.260631 -0.451426 0.853397
-0.448792 0.731350 0.513531 -0.875672 -0.474551 -0.089443 0.178282 -0.489826 0.853397
-0.314976 0.798171 0.513531 -0.944774 -0.315282 -0.089443 0.090516 -0.513343 0.853397
-0.260815 -0.350552 0.899494 -0.965389 0.094707 -0.243013 0.000000 -0.931743 -0.363119
-0.317725 -0.299936 0.899494 -0.934277 0.260906 -0.243013 -0.161795 -0.917587 -0.363119
-0.364982 -0.240207 0.899494 -0.874777 0.419178 -0.243013 -0.318675 -0.875552 -0.363119
-0.401148 -0.173179 0.899494 -0.788698 0.564713 -0.243013 -0.465871 -0.806913 -0.363119
-0.425126 -0.100889 0.899494 -0.678654 0.693090 -0.243013 -0.598913 -0.713756 -0.363119
-0.436187 -0.025534 0.899494 -0.547990 0.800407 -0.243013 -0.713756 -0.598913 -0.363119
-0.433994 0.050597 0.899494 -0.400676 0.883405 -0.243013 -0.806913 -0.465871 -0.363119
-0.418615 0.125190 0.899494 -0.241187 0.939560 -0.243013 -0.875552 -0.318675 -0.363119
-0.390516 0.195980 0.899494 -0.074370 0.967168 -0.243013 -0.917587 -0.161795 -0.363119
-0.350551 0.260815 0.899494 0.094707 0.965389 -0.243013 -0.931743 0.000000 -0.363119
-0.299936 0.317725 0.899494 0.260907 0.934277 -0.243013 -0.917587 0.161796 -0.363119
-0.240206 0.364982 0.899494 0.419178 0.874777 -0.243013 -0.875552 0.318675 -0.363119
-0.173179 0.401148 0.899494 0.564713 0.788698 -0.243013 -0.806913 0.465871 -0.363119
-0.100889 0.425126 0.899494 0.693089 0.678654 -0.243013 -0.713756 0.598912 -0.363119
-0.025534 0.436187 0.899494 0.800407 0.547990 -0.243013 -0.598913 0.713756 -0.363119
0.050597 0.433994 0.899494 0.883405 0.400676 -0.243013 -0.465872 0.806913 -0.363119
0.125190 0.418615 0.899494 0.939560 0.241187 -0.243013 -0.318675 0.875552 -0.363119
0.195980 0.390516 0.899494 0.967168 0.074370 -0.243013 -0.161795 0.917587 -0.363119
0.260815 0.350551 0.899494 0.965389 -0.094707 -0.243013 0.000000 0.931743 -0.363119
0.317725 0.299936 0.899494 0.934277 -0.260906 -0.243013 0.161795 0.917587 -0.363119
0.364982 0.240207 0.899494 0.874777 -0.419178 -0.243013 0.318675 0.875552 -0.363119
0.401148 0.173179 0.899494 0.788698 -0.564713 -0.243013 0.465872 0.806913 -0.363119
0.425126 0.100889 0.899494 0.678654 -0.693090 -0.243013 0.598913 0.713756 -0.363119
0.436187 0.025534 0.899494 0.547990 -0.800407 -0.243013 0.713756 0.598912 -0.363119
0.433994 -0.050597 0.899494 0.400675 -0.883405 -0.243013 0.806913 0.465871 -0.363119
0.418615 -0.125190 0.899494 0.241187 -0.939560 -0.243013 0.875552 0.318675 -0.363119
0.390516 -0.195980 0.899494 0.074370 -0.967168 -0.243013 0.917587 0.161796 -0.363119
0.350552 -0.260815 0.899494 -0.094707 -0.965389 -0.243013 0.931743 0.000000 -0.363119
0.299936 -0.317725 0.899494 -0.260906 -0.934277 -0.243013 0.917587 -0.161795 -0.363119
0.240207 -0.364982 0.899494 -0.419178 -0.874777 -0.243013 0.875552 -0.318675 -0.363119
0.173179 -0.401148 0.899494 -0.564713 -0.788698 -0.243013 0.806913 -0.465871 -0.363119
0.100889 -0.425126 0.899494 -0.693090 -0.678654 -0.243013 0.713756 -0.598913 -0.363119
0.025534 -0.436187 0.899494 -0.800407 -0.547990 -0.243013 0.598913 -0.713756 -0.363119
-0.050597 -0.433994 0.899494 -0.883405 -0.400676 -0.243013 0.465871 -0.806913 -0.363119
-0.125190 -0.418615 0.899494 -0.939560 -0.241187 -0.243013 0.318675 -0.875552 -0.363119
-0.195980 -0.390516 0.899494 -0.967168 -0.074369 -0.243013 0.161795 -0.917587 -0.363119
-0.136086 0.595082 -0.792059 0.990697 0.081743 -0.108800 0.000000 -0.799497 -0.600670
-0.030684 0.609672 -0.792059 0.989841 -0.091532 -0.108800 -0.138831 -0.787351 -0.600670
0.075651 0.605738 -0.792059 0.958908 -0.262025 -0.108800 -0.273444 -0.751282 -0.600670
0.179687 0.583399 -0.792059 0.898840 -0.424557 -0.108800 -0.399748 -0.692385 -0.600670
0.278264 0.543333 -0.792059 0.811461 -0.574189 -0.108800 -0.513907 -0.612450 -0.600670
0.368385 0.486759 -0.792059 0.699426 -0.706375 -0.108800 -0.612450 -0.513907 -0.600670
0.447313 0.415395 -0.792059 0.566140 -0.817098 -0.108800 -0.692385 -0.399748 -0.600670
0.512650 0.331409 -0.792059 0.415651 -0.902993 -0.108800 -0.751282 -0.273444 -0.600670
0.562410 0.237353 -0.792059 0.252533 -0.961452 -0.108800 -0.787351 -0.138831 -0.600670
0.595082 0.136086 -0.792059 0.081742 -0.990697 -0.108800 -0.799497 0.000000 -0.600670
0.609672 0.030683 -0.792059 -0.091532 -0.989841 -0.108800 -0.787351 0.138832 -0.600670
0.605738 -0.075651 -0.792059 -0.262026 -0.958908 -0.108800 -0.751281 0.273444 -0.600670
0.583399 -0.179687 -0.792059 -0.424557 -0.898840 -0.108800 -0.692385 0.399748 -0.600670
0.543334 -0.278263 -0.792059 -0.574189 -0.811461 -0.108800 -0.612451 0.513907 -0.600670
0.486759 -0.368385 -0.792059 -0.706375 -0.699426 -0.108800 -0.513907 0.612450 -0.600670
0.415395 -0.447313 -0.792059 -0.817097 -0.566140 -0.108800 -0.399749 0.692385 -0.600670
0.331409 -0.512650 -0.792059 -0.902993 -0.415651 -0.108800 -0.273444 0.751281 -0.600670
0.237353 -0.562410 -0.792059 -0.961452 -0.252534 -0.108800 -0.138831 0.787351 -0.600670
0.136086 -0.595082 -0.792059 -0.990697 -0.081743 -0.108800 0.000000 0.799497 -0.600670
0.030683 -0.609672 -0.792059 -0.989841 0.091532 -0.108800 0.138831 0.787351 -0.600670
-0.075651 -0.605738 -0.792059 -0.958908 0.262026 -0.108800 0.273444 0.751281 -0.600670
-0.179687 -0.583399 -0.792059 -0.898840 0.424558 -0.108800 0.399749 0.692385 -0.600670
-0.278264 -0.543333 -0.792059 -0.811461 0.574189 -0.108800 0.513907 0.612450 -0.600670
-0.368385 -0.486759 -0.792059 -0.699426 0.706375 -0.108800 0.612451 0.513907 -0.600670
-0.447313 -0.415394 -0.792059 -0.566139 0.817098 -0.108800 0.692385 0.399748 -0.600670
-0.512650 -0.331409 -0.792059 -0.415652 0.902993 -0.108800 0.751281 0.273444 -0.600670
-0.562410 -0.237353 -0.792059 -0.252534 0.961452 -0.108800 0.787351 0.138832 -0.600670
-0.595082 -0.136086 -0.792059 -0.081743 0.990697 -0.108800 0.799497 0.000000 -0.600670
-0.609672 -0.030684 -0.792059 0.091532 0.989841 -0.108800 0.787351 -0.138831 -0.600670
-0.605738 0.075651 -0.792059 0.262025 0.958908 -0.108800 0.751282 -0.273444 -0.600670
-0.583399 0.179687 -0.792059 0.424557 0.898840 -0.108800 0.692385 -0.399748 -0.600670
-0.543333 0.278264 -0.792059 0.574189 0.811461 -0.108800 0.612450 -0.513907 -0.600670
-0.486759 0.368385 -0.792059 0.706375 0.699426 -0.108800 0.513907 -0.612450 -0.600670
-0.415395 0.447313 -0.792059 0.817098 0.566140 -0.108800 0.399748 -0.692385 -0.600670
-0.331409 0.512650 -0.792059 0.902993 0.415651 -0.108800 0.273444 -0.751282 -0.600670
-0.237353 0.562410 -0.792059 0.961452 0.252533 -0.108800 0.138831 -0.787351 -0.600670
-0.768880 0.120254 -0.627982 0.639392 0.144608 -0.755159 0.000000 -0.982154 -0.188076
-0.736318 0.251942 -0.627982 0.654790 0.031382 -0.755159 -0.170549 -0.967233 -0.188076
-0.681382 0.375975 -0.627982 0.650291 -0.082798 -0.755159 -0.335916 -0.922923 -0.188076
-0.605743 0.488583 -0.627982 0.626034 -0.194462 -0.755159 -0.491077 -0.850571 -0.188076
-0.511699 0.586347 -0.627982 0.582755 -0.300218 -0.755159 -0.631317 -0.752374 -0.188076
-0.402107 0.666295 -0.627982 0.521770 -0.396851 -0.755159 -0.752374 -0.631317 -0.188076
-0.280297 0.725997 -0.627982 0.444930 -0.481426 -0.755159 -0.850571 -0.491077 -0.188076
-0.149970 0.763641 -0.627982 0.354572 -0.551374 -0.755159 -0.922923 -0.335916 -0.188076
-0.015087 0.778081 -0.627982 0.253440 -0.604568 -0.755159 -0.967233 -0.170549 -0.188076
0.120255 0.768880 -0.627982 0.144608 -0.639393 -0.755159 -0.982154 0.000000 -0.188076
0.251942 0.736317 -0.627982 0.031381 -0.654790 -0.755159 -0.967233 0.170550 -0.188076
0.375975 0.681382 -0.627982 -0.082798 -0.650291 -0.755159 -0.922923 0.335917 -0.188076
0.488583 0.605743 -0.627982 -0.194462 -0.626034 -0.755159 -0.850571 0.491077 -0.188076
0.586347 0.511699 -0.627982 -0.300217 -0.582755 -0.755159 -0.752374 0.631316 -0.188076
0.666294 0.402107 -0.627982 -0.396851 -0.521770 -0.755159 -0.631317 0.752374 -0.188076
0.725997 0.280297 -0.627982 -0.481426 -0.444930 -0.755159 -0.491077 0.850571 -0.188076
0.763641 0.149971 -0.627982 -0.551374 -0.354572 -0.755159 -0.335917 0.922923 -0.188076
0.778081 0.015087 -0.627982 -0.604568 -0.253440 -0.755159 -0.170549 0.967233 -0.188076
0.768880 -0.120254 -0.627982 -0.639393 -0.144608 -0.755159 0.000000 0.982154 -0.188076
0.736317 -0.251942 -0.627982 -0.654790 -0.031382 -0.755159 0.170549 0.967233 -0.188076
0.681382 -0.375975 -0.627982 -0.650291 0.082798 -0.755159 0.335917 0.922923 -0.188076
0.605743 -0.488584 -0.627982 -0.626034 0.194462 -0.755159 0.491077 0.850571 -0.188076
0.511698 -0.586347 -0.627982 -0.582755 0.300218 -0.755159 0.631317 0.752374 -0.188076
0.402106 -0.666295 -0.627982 -0.521770 0.396851 -0.755159 0.752374 0.631316 -0.188076
0.280297 -0.725997 -0.627982 -0.444930 0.481427 -0.755159 0.850571 0.491077 -0.188076
0.149971 -0.763641 -0.627982 -0.354572 0.551374 -0.755159 0.922923 0.335917 -0.188076
0.015088 -0.778081 -0.627982 -0.253441 0.604568 -0.755159 0.967233 0.170550 -0.188076
-0.120254 -0.768880 -0.627982 -0.144608 0.639392 -0.755159 0.982154 0.000000 -0.188076
-0.251942 -0.736318 -0.627982 -0.031382 0.654790 -0.755159 0.967233 -0.170549 -0.188076
-0.375975 -0.681382 -0.627982 0.082798 0.650291 -0.755159 0.922923 -0.335916 -0.188076
-0.488583 -0.605743 -0.627982 0.194462 0.626034 -0.755159 0.850571 -0.491077 -0.188076
-0.586347 -0.511699 -0.627982 0.300218 0.582755 -0.755159 0.752374 -0.631317 -0.188076
-0.666295 -0.402107 -0.627982 0.396851 0.521770 -0.755159 0.631317 -0.752374 -0.188076
-0.725997 -0.280297 -0.627982 0.481426 0.444930 -0.755159 0.491077 -0.850571 -0.188076
-0.763641 -0.149970 -0.627982 0.551374 0.354572 -0.755159 0.335916 -0.922923 -0.188076
-0.778081 -0.015087 -0.627982 0.604568 0.253440 -0.755159 0.170549 -0.967233 -0.188076
0.680791 0.512074 -0.523741 0.732478 -0.475939 0.486783 0.000000 -0.715026 -0.699098
0.759368 0.386076 -0.523741 0.638704 -0.595902 0.486783 -0.124163 -0.704163 -0.699098
0.814873 0.248348 -0.523741 0.525523 -0.697759 0.486783 -0.244553 -0.671905 -0.699098
0.845619 0.103073 -0.523741 0.396375 -0.778414 0.486783 -0.357513 -0.619231 -0.699098
0.850670 -0.045333 -0.523741 0.255183 -0.835418 0.486783 -0.459610 -0.547742 -0.699098
0.829875 -0.192361 -0.523741 0.106237 -0.867038 0.486783 -0.547742 -0.459610 -0.699098
0.783864 -0.333546 -0.523741 -0.045937 -0.872314 0.486783 -0.619231 -0.357513 -0.699098
0.714036 -0.464595 -0.523741 -0.196714 -0.851085 0.486783 -0.671905 -0.244553 -0.699098
0.622512 -0.581528 -0.523741 -0.341515 -0.803996 0.486783 -0.704163 -0.124163 -0.699098
0.512073 -0.680791 -0.523741 -0.475939 -0.732478 0.486783 -0.715026 0.000000 -0.699098
0.386076 -0.759369 -0.523741 -0.595902 -0.638704 0.486783 -0.704163 0.124163 -0.699098
0.248347 -0.814874 -0.523741 -0.697759 -0.525523 0.486783 -0.671905 0.244554 -0.699098
0.103074 -0.845619 -0.523741 -0.778414 -0.396375 0.486783 -0.619231 0.357513 -0.699098
-0.045333 -0.850670 -0.523741 -0.835418 -0.255183 0.486783 -0.547742 0.459610 -0.699098
-0.192361 -0.829875 -0.523741 -0.867038 -0.106237 0.486783 -0.459610 0.547742 -0.699098
-0.333545 -0.783864 -0.523741 -0.872314 0.045936 0.486783 -0.357513 0.619231 -0.699098
-0.464595 -0.714036 -0.523741 -0.851085 0.196714 0.486783 -0.244553 0.671905 -0.699098
-0.581527 -0.622512 -0.523741 -0.803996 0.341515 0.486783 -0.124163 0.704163 -0.699098
-0.680791 -0.512073 -0.523741 -0.732478 0.475939 0.486783 0.000000 0.715026 -0.699098
-0.759369 -0.386076 -0.523741 -0.638704 0.595902 0.486783 0.124163 0.704163 -0.699098
-0.814874 -0.248347 -0.523741 -0.525523 0.697759 0.486783 0.244553 0.671905 -0.699098
-0.845619 -0.103073 -0.523741 -0.396375 0.778414 0.486783 0.357513 0.619231 -0.699098
-0.850670 0.045333 -0.523741 -0.255183 0.835418 0.486783 0.459610 0.547742 -0.699098
-0.829875 0.192362 -0.523741 -0.106237 0.867038 0.486783 0.547742 0.459610 -0.699098
-0.783864 0.333546 -0.523741 0.045937 0.872314 0.486783 0.619231 0.357513 -0.699098
-0.714036 0.464594 -0.523741 0.196714 0.851085 0.486783 0.671905 0.244554 -0.699098
-0.622512 0.581527 -0.523741 0.341515 0.803996 0.486783 0.704163 0.124163 -0.699098
-0.512074 0.680791 -0.523741 0.475939 0.732478 0.486783 0.715026 0.000000 -0.699098
-0.386076 0.759369 -0.523741 0.595902 0.638704 0.486783 0.704163 -0.124163 -0.699098
-0.248348 0.814873 -0.523741 0.697759 0.525523 0.486783 0.671905 -0.244553 -0.699098
-0.103073 0.845619 -0.523741 0.778414 0.396375 0.486783 0.619231 -0.357513 -0.699098
0.045333 0.850670 -0.523741 0.835418 0.255183 0.486783 0.547742 -0.459610 -0.699098
0.192361 0.829875 -0.523741 0.867038 0.106237 0.486783 0.459610 -0.547742 -0.699098
0.333546 0.783864 -0.523741 0.872314 -0.045937 0.486783 0.357513 -0.619231 -0.699098
0.464595 0.714036 -0.523741 0.851085 -0.196714 0.486783 0.244553 -0.671905 -0.699098
0.581528 0.622512 -0.523741 0.803996 -0.341515 0.486783 0.124163 -0.704163 -0.699098
0.891279 0.052258 -0.450434 0.453456 -0.102714 0.885340 0.000000 -0.993337 -0.115244
0.886813 -0.103304 -0.450434 0.428730 -0.179896 0.885340 -0.172491 -0.978246 -0.115244
0.855402 -0.255729 -0.450434 0.390978 -0.251611 0.885340 -0.339741 -0.933432 -0.115244
0.797999 -0.400382 -0.450434 0.341347 -0.315681 0.885340 -0.496668 -0.860255 -0.115244
0.716350 -0.532871 -0.450434 0.281343 -0.370160 0.885340 -0.638505 -0.760940 -0.115244
0.612935 -0.649168 -0.450434 0.212792 -0.413391 0.885340 -0.760940 -0.638505 -0.115244
0.490896 -0.745741 -0.450434 0.137774 -0.444061 0.885340 -0.860255 -0.496668 -0.115244
0.353942 -0.819655 -0.450434 0.058571 -0.461239 0.885340 -0.933432 -0.339741 -0.115244
0.206233 -0.868664 -0.450434 -0.022413 -0.464403 0.885340 -0.978246 -0.172491 -0.115244
0.052258 -0.891279 -0.450434 -0.102715 -0.453456 0.885340 -0.993337 0.000000 -0.115244
-0.103305 -0.886813 -0.450434 -0.179896 -0.428730 0.885340 -0.978246 0.172492 -0.115244
-0.255729 -0.855401 -0.450434 -0.251611 -0.390978 0.885340 -0.933432 0.339742 -0.115244
-0.400382 -0.797999 -0.450434 -0.315681 -0.341347 0.885340 -0.860256 0.496668 -0.115244
-0.532871 -0.716350 -0.450434 -0.370160 -0.281344 0.885340 -0.760941 0.638505 -0.115244
-0.649168 -0.612935 -0.450434 -0.413391 -0.212792 0.885340 -0.638505 0.760940 -0.115244
-0.745741 -0.490896 -0.450434 -0.444061 -0.137774 0.885340 -0.496669 0.860255 -0.115244
-0.819655 -0.353942 -0.450434 -0.461239 -0.058571 0.885340 -0.339741 0.933432 -0.115244
-0.868664 -0.206233 -0.450434 -0.464403 0.022412 0.885340 -0.172491 0.978246 -0.115244
-0.891279 -0.052258 -0.450434 -0.453456 0.102715 0.885340 0.000000 0.993337 -0.115244
-0.886813 0.103305 -0.450434 -0.428730 0.179896 0.885340 0.172491 0.978246 -0.115244
-0.855401 0.255729 -0.450434 -0.390978 0.251611 0.885340 0.339741 0.933432 -0.115244
-0.797999 0.400383 -0.450434 -0.341347 0.315681 0.885340 0.496669 0.860255 -0.115244
-0.716350 0.532871 -0.450434 -0.281343 0.370160 0.885340 0.638505 0.760940 -0.115244
-0.612935 0.649169 -0.450434 -0.212792 0.413391 0.885340 0.760941 0.638505 -0.115244
-0.490896 0.745741 -0.450434 -0.137774 0.444061 0.885340 0.860256 0.496668 -0.115244
-0.353942 0.819655 -0.450434 -0.058571 0.461239 0.885340 0.933432 0.339742 -0.115244
-0.206233 0.868664 -0.450434 0.022412 0.464403 0.885340 0.978246 0.172492 -0.115244
-0.052258 0.891279 -0.450434 0.102714 0.453456 0.885340 0.993337 0.000000 -0.115244
0.103305 0.886813 -0.450434 0.179896 0.428730 0.885340 0.978246 -0.172491 -0.115244
0.255729 0.855402 -0.450434 0.251611 0.390978 0.885340 0.933432 -0.339741 -0.115244
0.400382 0.797999 -0.450434 0.315681 0.341347 0.885340 0.860255 -0.496668 -0.115244
0.532871 0.716350 -0.450434 0.370160 0.281343 0.885340 0.760940 -0.638505 -0.115244
0.649168 0.612935 -0.450434 0.413391 0.212792 0.885340 0.638505 -0.760940 -0.115244
0.745741 0.490896 -0.450434 0.444061 0.137774 0.885340 0.496668 -0.860255 -0.115244
0.819655 0.353942 -0.450434 0.461239 0.058571 0.885340 0.339741 -0.933432 -0.115244
0.868664 0.206233 -0.450434 0.464403 -0.022413 0.885340 0.172491 -0.978246 -0.115244
-0.445499 -0.754572 -0.481821 0.895282 -0.375481 -0.239758 0.000000 -0.538178 0.842831
-0.569761 -0.665748 -0.481821 0.816479 -0.525240 -0.239758 -0.093453 -0.530002 0.842831
-0.676711 -0.556696 -0.481821 0.712868 -0.659041 -0.239758 -0.184068 -0.505722 0.842831
-0.763100 -0.430728 -0.481821 0.587597 -0.772817 -0.239758 -0.269089 -0.466076 0.842831
-0.826302 -0.291674 -0.481821 0.444471 -0.863111 -0.239758 -0.345934 -0.412268 0.842831
-0.864397 -0.143757 -0.481821 0.287841 -0.927180 -0.239758 -0.412268 -0.345934 0.842831
-0.876228 0.008528 -0.481821 0.122465 -0.963078 -0.239758 -0.466076 -0.269089 0.842831
-0.861435 0.160554 -0.481821 -0.046632 -0.969712 -0.239758 -0.505722 -0.184068 0.842831
-0.820468 0.307702 -0.481821 -0.214313 -0.946882 -0.239758 -0.530002 -0.093454 0.842831
-0.754571 0.445500 -0.481821 -0.375481 -0.895282 -0.239758 -0.538178 0.000000 0.842831
-0.665748 0.569762 -0.481821 -0.525241 -0.816479 -0.239758 -0.530002 0.093454 0.842831
-0.556695 0.676712 -0.481821 -0.659042 -0.712868 -0.239758 -0.505722 0.184068 0.842831
-0.430729 0.763100 -0.481821 -0.772817 -0.587597 -0.239758 -0.466076 0.269089 0.842831
-0.291674 0.826302 -0.481821 -0.863111 -0.444472 -0.239758 -0.412268 0.345934 0.842831
-0.143757 0.864397 -0.481821 -0.927180 -0.287841 -0.239758 -0.345934 0.412268 0.842831
0.008528 0.876228 -0.481821 -0.963078 -0.122465 -0.239758 -0.269089 0.466076 0.842831
0.160554 0.861435 -0.481821 -0.969712 0.046632 -0.239758 -0.184068 0.505722 0.842831
0.307702 0.820468 -0.481821 -0.946882 0.214312 -0.239758 -0.093454 0.530002 0.842831
0.445500 0.754572 -0.481821 -0.895282 0.375481 -0.239758 0.000000 0.538178 0.842831
0.569762 0.665748 -0.481821 -0.816479 0.525241 -0.239758 0.093454 0.530002 0.842831
0.676712 0.556695 -0.481821 -0.712868 0.659041 -0.239758 0.184068 0.505722 0.842831
0.763100 0.430728 -0.481821 -0.587596 0.772817 -0.239758 0.269089 0.466076 0.842831
0.826302 0.291673 -0.481821 -0.444471 0.863111 -0.239758 0.345934 0.412268 0.842831
0.864397 0.143756 -0.481821 -0.287841 0.927181 -0.239758 0.412268 0.345934 0.842831
0.876228 -0.008529 -0.481821 -0.122464 0.963078 -0.239758 0.466076 0.269089 0.842831
0.861435 -0.160554 -0.481821 0.046632 0.969712 -0.239758 0.505722 0.184068 0.842831
0.820468 -0.307701 -0.481821 0.214312 0.946882 -0.239758 0.530002 0.093454 0.842831
0.754572 -0.445499 -0.481821 0.375481 0.895282 -0.239758 0.538178 0.000000 0.842831
0.665748 -0.569761 -0.481821 0.525241 0.816479 -0.239758 0.530002 -0.093454 0.842831
0.556696 -0.676711 -0.481821 0.659041 0.712868 -0.239758 0.505722 -0.184068 0.842831
0.430728 -0.763100 -0.481821 0.772817 0.587597 -0.239758 0.466076 -0.269089 0.842831
0.291674 -0.826302 -0.481821 0.863111 0.444471 -0.239758 0.412268 -0.345934 0.842831
0.143757 -0.864397 -0.481821 0.927180 0.287841 -0.239758 0.345934 -0.412268 0.842831
-0.008528 -0.876228 -0.481821 0.963078 0.122465 -0.239758 0.269089 -0.466076 0.842831
-0.160554 -0.861435 -0.481821 0.969712 -0.046632 -0.239758 0.184068 -0.505722 0.842831
-0.307702 -0.820468 -0.481821 0.946882 -0.214313 -0.239758 0.093453 -0.530002 0.842831
-0.812090 -0.090267 -0.576509 0.583533 -0.125622 -0.802315 0.000000 -0.987963 0.154690
-0.815427 0.052122 -0.576509 0.552854 -0.225043 -0.802315 -0.171558 -0.972954 0.154690
-0.793988 0.192928 -0.576509 0.505376 -0.317626 -0.802315 -0.337903 -0.928382 0.154690
-0.748424 0.327872 -0.576509 0.442543 -0.400558 -0.802315 -0.493981 -0.855601 0.154690
-0.680119 0.452853 -0.576509 0.366264 -0.471320 -0.802315 -0.635050 -0.756824 0.154690
-0.591149 0.564075 -0.576509 0.278856 -0.527760 -0.802315 -0.756824 -0.635050 0.154690
-0.484218 0.658157 -0.576509 0.182975 -0.568165 -0.802315 -0.855601 -0.493981 0.154690
-0.362574 0.732242 -0.576509 0.081534 -0.591307 -0.802315 -0.928382 -0.337903 0.154690
-0.229913 0.784078 -0.576509 -0.022384 -0.596482 -0.802315 -0.972954 -0.171558 0.154690
-0.090266 0.812090 -0.576509 -0.125622 -0.583533 -0.802315 -0.987963 0.000000 0.154690
0.052123 0.815427 -0.576509 -0.225043 -0.552853 -0.802315 -0.972954 0.171558 0.154690
0.192929 0.793988 -0.576509 -0.317626 -0.505376 -0.802315 -0.928382 0.337904 0.154690
0.327871 0.748424 -0.576509 -0.400558 -0.442543 -0.802315 -0.855601 0.493981 0.154690
0.452853 0.680119 -0.576509 -0.471319 -0.366264 -0.802315 -0.756824 0.635050 0.154690
0.564074 0.591149 -0.576509 -0.527760 -0.278856 -0.802315 -0.635051 0.756823 0.154690
0.658157 0.484218 -0.576509 -0.568165 -0.182975 -0.802315 -0.493982 0.855601 0.154690
0.732242 0.362574 -0.576509 -0.591307 -0.081534 -0.802315 -0.337903 0.928382 0.154690
0.784078 0.229913 -0.576509 -0.596482 0.022384 -0.802315 -0.171558 0.972954 0.154690
0.812090 0.090266 -0.576509 -0.583533 0.125622 -0.802315 0.000000 0.987963 0.154690
0.815427 -0.052123 -0.576509 -0.552853 0.225043 -0.802315 0.171558 0.972954 0.154690
0.793988 -0.192928 -0.576509 -0.505376 0.317626 -0.802315 0.337903 0.928382 0.154690
0.748423 -0.327872 -0.576509 -0.442543 0.400558 -0.802315 0.493982 0.855601 0.154690
0.680119 -0.452853 -0.576509 -0.366264 0.471320 -0.802315 0.635051 0.756823 0.154690
0.591149 -0.564075 -0.576509 -0.278855 0.527760 -0.802315 0.756824 0.635050 0.154690
0.484218 -0.658157 -0.576509 -0.182974 0.568165 -0.802315 0.855601 0.493981 0.154690
0.362574 -0.732242 -0.576509 -0.081534 0.591307 -0.802315 0.928382 0.337904 0.154690
0.229913 -0.784077 -0.576509 0.022384 0.596482 -0.802315 0.972954 0.171558 0.154690
0.090267 -0.812090 -0.576509 0.125622 0.583533 -0.802315 0.987963 0.000000 0.154690
-0.052123 -0.815427 -0.576509 0.225043 0.552854 -0.802315 0.972954 -0.171558 0.154690
-0.192928 -0.793988 -0.576509 0.317626 0.505376 -0.802315 0.928382 -0.337903 0.154690
-0.327872 -0.748424 -0.576509 0.400558 0.442543 -0.802315 0.855601 -0.493981 0.154690
-0.452853 -0.680119 -0.576509 0.471320 0.366264 -0.802315 0.756824 -0.635050 0.154690
-0.564075 -0.591149 -0.576509 0.527760 0.278856 -0.802315 0.635050 -0.756824 0.154690
-0.658157 -0.484218 -0.576509 0.568165 0.182974 -0.802315 0.493981 -0.855601 0.154690
-0.732242 -0.362574 -0.576509 0.591307 0.081534 -0.802315 0.337903 -0.928382 0.154690
-0.784078 -0.229913 -0.576509 0.596482 -0.022384 -0.802315 0.171558 -0.972954 0.154690
-0.998613 -0.020221 0.048613 -0.052651 0.383523 -0.922029 0.000000 -0.923310 -0.384055
-0.986953 0.153493 0.048613 0.014747 0.386839 -0.922029 -0.160331 -0.909283 -0.384055
-0.945305 0.322544 0.048613 0.081697 0.378401 -0.922029 -0.315791 -0.867628 -0.384055
-0.874935 0.481795 0.048613 0.146165 0.358466 -0.922029 -0.461655 -0.799610 -0.384055
-0.777980 0.626406 0.048613 0.206191 0.327639 -0.922029 -0.593492 -0.707297 -0.384055
-0.657386 0.751984 0.048613 0.259952 0.286856 -0.922029 -0.707297 -0.593492 -0.384055
-0.516818 0.854714 0.048613 0.305815 0.237358 -0.922029 -0.799610 -0.461655 -0.384055
-0.360547 0.931473 0.048613 0.342386 0.180648 -0.922029 -0.867628 -0.315791 -0.384055
-0.193321 0.979931 0.048613 0.368554 0.118449 -0.922029 -0.909283 -0.160331 -0.384055
-0.020220 0.998613 0.048613 0.383523 0.052651 -0.922029 -0.923310 0.000000 -0.384055
0.153494 0.986953 0.048613 0.386839 -0.014747 -0.922029 -0.909283 0.160331 -0.384055
0.322545 0.945305 0.048613 0.378401 -0.081697 -0.922029 -0.867628 0.315791 -0.384055
0.481794 0.874935 0.048613 0.358466 -0.146164 -0.922029 -0.799610 0.461655 -0.384055
0.626406 0.777980 0.048613 0.327639 -0.206191 -0.922029 -0.707297 0.593492 -0.384055
0.751984 0.657386 0.048613 0.286857 -0.259952 -0.922029 -0.593492 0.707296 -0.384055
0.854714 0.516818 0.048613 0.237358 -0.305815 -0.922029 -0.461655 0.799610 -0.384055
0.931473 0.360547 0.048613 0.180648 -0.342386 -0.922029 -0.315791 0.867628 -0.384055
0.979931 0.193321 0.048613 0.118449 -0.368554 -0.922029 -0.160331 0.909283 -0.384055
0.998613 0.020221 0.048613 0.052651 -0.383523 -0.922029 0.000000 0.923310 -0.384055
0.986953 -0.153494 0.048613 -0.014747 -0.386839 -0.922029 0.160331 0.909283 -0.384055
0.945305 -0.322545 0.048613 -0.081697 -0.378401 -0.922029 0.315791 0.867628 -0.384055
0.874934 -0.481795 0.048613 -0.146165 -0.358466 -0.922029 0.461655 0.799610 -0.384055
0.777979 -0.626406 0.048613 -0.206191 -0.327639 -0.922029 0.593492 0.707296 -0.384055
0.657386 -0.751985 0.048613 -0.259952 -0.286856 -0.922029 0.707297 0.593492 -0.384055
0.516818 -0.854714 0.048613 -0.305815 -0.237358 -0.922029 0.799610 0.461655 -0.384055
0.360548 -0.931473 0.048613 -0.342386 -0.180648 -0.922029 0.867628 0.315791 -0.384055
0.193321 -0.979930 0.048613 -0.368554 -0.118449 -0.922029 0.909283 0.160331 -0.384055
0.020221 -0.998613 0.048613 -0.383523 -0.052651 -0.922029 0.923310 0.000000 -0.384055
-0.153494 -0.986953 0.048613 -0.386839 0.014747 -0.922029 0.909283 -0.160331 -0.384055
-0.322544 -0.945305 0.048613 -0.378401 0.081697 -0.922029 0.867628 -0.315791 -0.384055
-0.481795 -0.874935 0.048613 -0.358466 0.146165 -0.922029 0.799610 -0.461655 -0.384055
-0.626406 -0.777980 0.048613 -0.327639 0.206191 -0.922029 0.707297 -0.593492 -0.384055
-0.751984 -0.657386 0.048613 -0.286856 0.259952 -0.922029 0.593492 -0.707297 -0.384055
-0.854714 -0.516818 0.048613 -0.237358 0.305815 -0.922029 0.461655 -0.799610 -0.384055
-0.931473 -0.360547 0.048613 -0.180648 0.342386 -0.922029 0.315791 -0.867628 -0.384055
-0.979931 -0.193321 0.048613 -0.118449 0.368554 -0.922029 0.160331 -0.909283 -0.384055
-0.099162 0.311304 -0.945123 0.995071 0.031023 -0.094185 0.000000 -0.949804 -0.312846
-0.043598 0.323794 -0.945123 0.985341 -0.142241 -0.094185 -0.164931 -0.935374 -0.312846
0.013290 0.326445 -0.945123 0.945671 -0.311183 -0.094185 -0.324852 -0.892524 -0.312846
0.069775 0.319178 -0.945123 0.877268 -0.470669 -0.094185 -0.474902 -0.822554 -0.312846
0.124140 0.302213 -0.945123 0.782210 -0.615855 -0.094185 -0.610522 -0.727592 -0.312846
0.174732 0.276065 -0.945123 0.663384 -0.742328 -0.094185 -0.727592 -0.610522 -0.312846
0.220016 0.241529 -0.945123 0.524402 -0.846246 -0.094185 -0.822554 -0.474902 -0.312846
0.258614 0.199654 -0.945123 0.369486 -0.924451 -0.094185 -0.892524 -0.324852 -0.312846
0.289355 0.151713 -0.945123 0.203343 -0.974567 -0.094185 -0.935374 -0.164932 -0.312846
0.311304 0.099162 -0.945123 0.031022 -0.995071 -0.094185 -0.949804 0.000000 -0.312846
0.323794 0.043598 -0.945123 -0.142242 -0.985341 -0.094185 -0.935374 0.164932 -0.312846
0.326445 -0.013290 -0.945123 -0.311183 -0.945671 -0.094185 -0.892524 0.324853 -0.312846
0.319178 -0.069775 -0.945123 -0.470669 -0.877268 -0.094185 -0.822555 0.474902 -0.312846
0.302213 -0.124139 -0.945123 -0.615855 -0.782210 -0.094185 -0.727592 0.610522 -0.312846
0.276065 -0.174732 -0.945123 -0.742328 -0.663384 -0.094185 -0.610522 0.727592 -0.312846
0.241529 -0.220016 -0.945123 -0.846246 -0.524402 -0.094185 -0.474902 0.822554 -0.312846
0.199654 -0.258614 -0.945123 -0.924451 -0.369486 -0.094185 -0.324852 0.892524 -0.312846
0.151713 -0.289355 -0.945123 -0.974567 -0.203344 -0.094185 -0.164932 0.935374 -0.312846
0.099162 -0.311304 -0.945123 -0.995071 -0.031022 -0.094185 0.000000 0.949804 -0.312846
0.043598 -0.323794 -0.945123 -0.985341 0.142241 -0.094185 0.164932 0.935374 -0.312846
-0.013290 -0.326445 -0.945123 -0.945671 0.311183 -0.094185 0.324852 0.892524 -0.312846
-0.069775 -0.319178 -0.945123 -0.877268 0.470670 -0.094185 0.474902 0.822554 -0.312846
-0.124140 -0.302213 -0.945123 -0.782210 0.615855 -0.094185 0.610522 0.727592 -0.312846
-0.174732 -0.276065 -0.945123 -0.663384 0.742328 -0.094185 0.727592 0.610522 -0.312846
-0.220016 -0.241529 -0.945123 -0.524401 0.846246 -0.094185 0.822555 0.474902 -0.312846
-0.258614 -0.199654 -0.945123 -0.369486 0.924451 -0.094185 0.892524 0.324853 -0.312846
-0.289355 -0.151713 -0.945123 -0.203344 0.974567 -0.094185 0.935374 0.164932 -0.312846
-0.311304 -0.099162 -0.945123 -0.031023 0.995071 -0.094185 0.949804 0.000000 -0.312846
-0.323794 -0.043598 -0.945123 0.142241 0.985341 -0.094185 0.935374 -0.164932 -0.312846
-0.326445 0.013290 -0.945123 0.311183 0.945671 -0.094185 0.892524 -0.324852 -0.312846
-0.319178 0.069775 -0.945123 0.470669 0.877268 -0.094185 0.822554 -0.474902 -0.312846
-0.302213 0.124140 -0.945123 0.615855 0.782210 -0.094185 0.727592 -0.610522 -0.312846
-0.276065 0.174732 -0.945123 0.742328 0.663384 -0.094185 0.610522 -0.727592 -0.312846
-0.241529 0.220016 -0.945123 0.846246 0.524402 -0.094185 0.474902 -0.822554 -0.312846
-0.199654 0.258614 -0.945123 0.924451 0.369486 -0.094185 0.324852 -0.892524 -0.312846
-0.151713 0.289355 -0.945123 0.974567 0.203343 -0.094185 0.164931 -0.935374 -0.312846
-0.795956 0.574107 0.191976 -0.605354 -0.754871 -0.252422 0.000000 -0.317130 0.948382
-0.684171 0.703601 0.191976 -0.727239 -0.638284 -0.252422 -0.055069 -0.312312 0.948382
-0.551598 0.811717 0.191976 -0.827028 -0.502303 -0.252422 -0.108465 -0.298005 0.948382
-0.402265 0.895169 0.191976 -0.901687 -0.351060 -0.252422 -0.158565 -0.274643 0.948382
-0.240709 0.951422 0.191976 -0.948950 -0.189150 -0.252422 -0.203847 -0.242936 0.948382
-0.071839 0.978767 0.191976 -0.967379 -0.021493 -0.252422 -0.242936 -0.203847 0.948382
0.099214 0.976372 0.191976 -0.956414 0.146817 -0.252422 -0.274643 -0.158565 0.948382
0.267251 0.944310 0.191976 -0.916390 0.310666 -0.252422 -0.298005 -0.108465 0.948382
0.427169 0.883556 0.191976 -0.848521 0.465076 -0.252422 -0.312312 -0.055069 0.948382
0.574107 0.795956 0.191976 -0.754870 0.605355 -0.252422 -0.317130 0.000000 0.948382
0.703602 0.684171 0.191976 -0.638283 0.727240 -0.252422 -0.312312 0.055069 0.948382
0.811718 0.551598 0.191976 -0.502302 0.827028 -0.252422 -0.298005 0.108465 0.948382
0.895169 0.402265 0.191976 -0.351060 0.901687 -0.252422 -0.274643 0.158565 0.948382
0.951422 0.240709 0.191976 -0.189150 0.948950 -0.252422 -0.242936 0.203847 0.948382
0.978767 0.071839 0.191976 -0.021493 0.967379 -0.252422 -0.203847 0.242936 0.948382
0.976372 -0.099213 0.191976 0.146817 0.956414 -0.252422 -0.158565 0.274643 0.948382
0.944310 -0.267251 0.191976 0.310666 0.916390 -0.252422 -0.108465 0.298005 0.948382
0.883556 -0.427169 0.191976 0.465076 0.848521 -0.252422 -0.055069 0.312312 0.948382
0.795956 -0.574107 0.191976 0.605354 0.754870 -0.252422 0.000000 0.317130 0.948382
0.684171 -0.703602 0.191976 0.727240 0.638284 -0.252422 0.055069 0.312312 0.948382
0.551598 -0.811717 0.191976 0.827028 0.502303 -0.252422 0.108465 0.298005 0.948382
0.402264 -0.895170 0.191976 0.901688 0.351060 -0.252422 0.158565 0.274643 0.948382
0.240709 -0.951422 0.191976 0.948950 0.189150 -0.252422 0.203847 0.242936 0.948382
0.071839 -0.978767 0.191976 0.967379 0.021493 -0.252422 0.242936 0.203847 0.948382
-0.099214 -0.976372 0.191976 0.956414 -0.146818 -0.252422 0.274643 0.158565 0.948382
-0.267251 -0.944310 0.191976 0.916390 -0.310666 -0.252422 0.298005 0.108465 0.948382
-0.427169 -0.883557 0.191976 0.848521 -0.465075 -0.252422 0.312312 0.055069 0.948382
-0.574107 -0.795956 0.191976 0.754871 -0.605354 -0.252422 0.317130 0.000000 0.948382
-0.703601 -0.684171 0.191976 0.638284 -0.727239 -0.252422 0.312312 -0.055069 0.948382
-0.811717 -0.551598 0.191976 0.502303 -0.827028 -0.252422 0.298005 -0.108465 0.948382
-0.895169 -0.402265 0.191976 0.351060 -0.901687 -0.252422 0.274643 -0.158565 0.948382
-0.951422 -0.240709 0.191976 0.189150 -0.948950 -0.252422 0.242936 -0.203847 0.948382
-0.978767 -0.071839 0.191976 0.021493 -0.967379 -0.252422 0.203847 -0.242936 0.948382
