-0.760889 0.476833 -0.440089 0.648882 0.559141 -0.516055 0.000000 -0.678227 -0.734853
-0.551915 0.708316 -0.440089 0.800988 0.303490 -0.516055 -0.231967 -0.637325 -0.734853
-0.276372 0.854365 -0.440089 0.856482 0.011233 -0.516055 -0.435956 -0.519552 -0.734853
0.032506 0.897365 -0.440089 0.808672 -0.282378 -0.516055 -0.587362 -0.339113 -0.734853
0.337462 0.832130 -0.440089 0.663324 -0.541931 -0.516055 -0.667923 -0.117773 -0.734853
0.601716 0.666527 -0.440089 0.437969 -0.736119 -0.516055 -0.667923 0.117773 -0.734853
0.793394 0.420533 -0.440089 0.159789 -0.841519 -0.516055 -0.587362 0.339113 -0.734853
0.889377 0.123815 -0.440089 -0.137664 -0.845421 -0.516055 -0.435956 0.519552 -0.734853
0.878088 -0.187837 -0.440089 -0.418513 -0.747352 -0.516055 -0.231967 0.637324 -0.734853
0.760889 -0.476833 -0.440089 -0.648883 -0.559141 -0.516055 0.000000 0.678227 -0.734853
0.551915 -0.708316 -0.440089 -0.800988 -0.303490 -0.516055 0.231967 0.637324 -0.734853
0.276372 -0.854365 -0.440089 -0.856482 -0.011233 -0.516055 0.435956 0.519552 -0.734853
-0.032506 -0.897365 -0.440089 -0.808671 0.282379 -0.516055 0.587362 0.339113 -0.734853
-0.337462 -0.832130 -0.440089 -0.663324 0.541931 -0.516055 0.667923 0.117773 -0.734853
-0.601716 -0.666528 -0.440089 -0.437969 0.736118 -0.516055 0.667923 -0.117773 -0.734853
-0.793394 -0.420532 -0.440089 -0.159789 0.841519 -0.516055 0.587362 -0.339113 -0.734853
-0.889377 -0.123814 -0.440089 0.137664 0.845421 -0.516055 0.435956 -0.519552 -0.734853
-0.878088 0.187838 -0.440089 0.418513 0.747352 -0.516055 0.231967 -0.637325 -0.734853
0.572545 0.452294 0.683829 -0.819873 0.315852 0.477541 0.000000 -0.834067 0.551663
0.692710 0.229196 0.683829 -0.662401 0.577217 0.477541 -0.285268 -0.783766 0.551663
0.729324 -0.021547 0.683829 -0.425034 0.768961 0.477541 -0.536128 -0.638932 0.551663
0.677971 -0.269692 0.683829 -0.136400 0.867957 0.477541 -0.722323 -0.417033 0.551663
0.544844 -0.485307 0.683829 0.168684 0.862265 0.477541 -0.821396 -0.144834 0.551663
0.346001 -0.642387 0.683829 0.453423 0.752570 0.477541 -0.821395 0.144835 0.551663
0.105426 -0.721986 0.683829 0.683472 0.552105 0.477541 -0.722323 0.417033 0.551663
-0.147866 -0.714502 0.683829 0.831085 0.285048 0.477541 -0.536128 0.638932 0.551663
-0.383323 -0.620839 0.683829 0.878457 -0.016391 0.477541 -0.285268 0.783766 0.551663
-0.572545 -0.452294 0.683829 0.819873 -0.315852 0.477541 0.000000 0.834067 0.551663
-0.692710 -0.229195 0.683829 0.662401 -0.577217 0.477541 0.285268 0.783766 0.551663
-0.729324 0.021548 0.683829 0.425033 -0.768961 0.477541 0.536128 0.638932 0.551663
-0.677971 0.269692 0.683829 0.136400 -0.867957 0.477541 0.722323 0.417033 0.551663
-0.544844 0.485307 0.683829 -0.168684 -0.862265 0.477541 0.821395 0.144835 0.551663
-0.346002 0.642387 0.683829 -0.453423 -0.752571 0.477541 0.821396 -0.144834 0.551663
-0.105426 0.721986 0.683829 -0.683473 -0.552105 0.477541 0.722323 -0.417033 0.551663
0.147866 0.714502 0.683829 -0.831085 -0.285048 0.477541 0.536128 -0.638932 0.551663
0.383323 0.620839 0.683829 -0.878457 0.016391 0.477541 0.285268 -0.783766 0.551663
-0.470211 -0.651453 -0.595408 0.882554 -0.347084 -0.317225 0.000000 -0.674642 0.738145
-0.664664 -0.451343 -0.595408 0.710620 -0.628003 -0.317225 -0.230741 -0.633956 0.738145
-0.778948 -0.196796 -0.595408 0.452974 -0.833176 -0.317225 -0.433652 -0.516806 0.738145
-0.799280 0.081489 -0.595408 0.140693 -0.937856 -0.317225 -0.584257 -0.337321 0.738145
-0.723207 0.349944 -0.595408 -0.188557 -0.929416 -0.317225 -0.664393 -0.117150 0.738145
-0.559904 0.576192 -0.595408 -0.495065 -0.808875 -0.317225 -0.664393 0.117151 0.738145
-0.329069 0.732941 -0.595408 -0.741860 -0.590772 -0.317225 -0.584258 0.337321 0.738145
-0.058543 0.801288 -0.595408 -0.899177 -0.301413 -0.317225 -0.433652 0.516806 0.738145
0.219044 0.772987 -0.595408 -0.948039 0.024301 -0.317225 -0.230741 0.633956 0.738145
0.470211 0.651453 -0.595408 -0.882554 0.347084 -0.317225 0.000000 0.674642 0.738145
0.664664 0.451343 -0.595408 -0.710619 0.628004 -0.317225 0.230741 0.633956 0.738145
0.778948 0.196795 -0.595408 -0.452974 0.833177 -0.317225 0.433652 0.516806 0.738145
0.799280 -0.081489 -0.595408 -0.140693 0.937856 -0.317225 0.584258 0.337321 0.738145
0.723207 -0.349944 -0.595408 0.188557 0.929416 -0.317225 0.664393 0.117151 0.738145
0.559904 -0.576191 -0.595408 0.495065 0.808875 -0.317225 0.664393 -0.117150 0.738145
0.329069 -0.732941 -0.595408 0.741861 0.590772 -0.317225 0.584257 -0.337321 0.738145
0.058543 -0.801288 -0.595408 0.899177 0.301413 -0.317225 0.433652 -0.516806 0.738145
-0.219044 -0.772987 -0.595408 0.948039 -0.024301 -0.317225 0.230741 -0.633956 0.738145
-0.999970 -0.006565 -0.004035 0.007706 -0.851912 -0.523629 0.000000 -0.523644 0.851937
-0.941910 0.335841 -0.004035 -0.284130 -0.803171 -0.523629 -0.179097 -0.492065 0.851937
-0.770242 0.637740 -0.004035 -0.541695 -0.657555 -0.523629 -0.336592 -0.401135 0.851937
-0.505670 0.862717 -0.004035 -0.733924 -0.432629 -0.523629 -0.453489 -0.261822 0.851937
-0.180108 0.983639 -0.004035 -0.837631 -0.155522 -0.523629 -0.515689 -0.090930 0.851937
0.167178 0.985918 -0.004035 -0.840307 0.140344 -0.523629 -0.515689 0.090930 0.851937
0.494299 0.869282 -0.004035 -0.741630 0.419282 -0.523629 -0.453489 0.261822 0.851937
0.761802 0.647798 -0.004035 -0.553501 0.647649 -0.523629 -0.336592 0.401135 0.851937
0.937419 0.348179 -0.004035 -0.298612 0.797899 -0.523629 -0.179097 0.492065 0.851937
0.999970 0.006565 -0.004035 -0.007706 0.851912 -0.523629 0.000000 0.523644 0.851937
0.941910 -0.335841 -0.004035 0.284130 0.803171 -0.523629 0.179097 0.492065 0.851937
0.770241 -0.637740 -0.004035 0.541695 0.657555 -0.523629 0.336592 0.401135 0.851937
0.505670 -0.862718 -0.004035 0.733924 0.432629 -0.523629 0.453489 0.261822 0.851937
0.180109 -0.983638 -0.004035 0.837631 0.155522 -0.523629 0.515689 0.090930 0.851937
-0.167178 -0.985919 -0.004035 0.840307 -0.140344 -0.523629 0.515689 -0.090930 0.851937
-0.494300 -0.869282 -0.004035 0.741630 -0.419282 -0.523629 0.453489 -0.261822 0.851937
-0.761802 -0.647798 -0.004035 0.553501 -0.647649 -0.523629 0.336592 -0.401135 0.851937
-0.937419 -0.348179 -0.004035 0.298612 -0.797900 -0.523629 0.179097 -0.492065 0.851937
-0.131648 0.163604 0.977703 -0.991297 -0.021728 -0.129843 0.000000 -0.986287 0.165041
-0.067753 0.198764 0.977703 -0.938945 0.318626 -0.129843 -0.337330 -0.926806 0.165041
0.004315 0.209950 0.977703 -0.773343 0.620549 -0.129843 -0.633973 -0.755539 0.165041
0.075862 0.195813 0.977703 -0.514464 0.847624 -0.129843 -0.854150 -0.493143 0.165041
0.138258 0.158058 0.977703 -0.193534 0.972464 -0.129843 -0.971303 -0.171267 0.165041
0.183979 0.101238 0.977703 0.150740 0.980009 -0.129843 -0.971303 0.171267 0.165041
0.207510 0.032208 0.977703 0.476831 0.869352 -0.129843 -0.854150 0.493143 0.165041
0.206011 -0.040706 0.977703 0.745411 0.653837 -0.129843 -0.633973 0.755539 0.165041
0.179665 -0.108711 0.977703 0.924083 0.359460 -0.129843 -0.337330 0.926806 0.165041
0.131648 -0.163604 0.977703 0.991297 0.021727 -0.129843 0.000000 0.986287 0.165041
0.067753 -0.198764 0.977703 0.938945 -0.318627 -0.129843 0.337330 0.926806 0.165041
-0.004315 -0.209950 0.977703 0.773343 -0.620549 -0.129843 0.633973 0.755539 0.165041
-0.075862 -0.195813 0.977703 0.514464 -0.847625 -0.129843 0.854150 0.493143 0.165041
-0.138258 -0.158058 0.977703 0.193534 -0.972463 -0.129843 0.971303 0.171267 0.165041
-0.183979 -0.101238 0.977703 -0.150739 -0.980009 -0.129843 0.971303 -0.171267 0.165041
-0.207510 -0.032208 0.977703 -0.476832 -0.869352 -0.129843 0.854150 -0.493143 0.165041
-0.206011 0.040706 0.977703 -0.745411 -0.653837 -0.129843 0.633973 -0.755539 0.165041
-0.179665 0.108712 0.977703 -0.924083 -0.359460 -0.129843 0.337330 -0.926806 0.165041
-0.554861 0.768704 -0.318156 0.831943 0.512684 -0.212193 0.000000 -0.382425 -0.923986
-0.258486 0.912119 -0.318156 0.957119 0.197224 -0.212193 -0.130797 -0.359362 -0.923986
0.069066 0.945519 -0.318156 0.966852 -0.142025 -0.212193 -0.245818 -0.292955 -0.923986
0.388287 0.864875 -0.318156 0.859969 -0.464143 -0.212193 -0.331190 -0.191213 -0.923986
0.660676 0.679915 -0.318156 0.649360 -0.730278 -0.212193 -0.376615 -0.066407 -0.923986
0.853377 0.412946 -0.318156 0.360429 -0.908331 -0.212193 -0.376615 0.066408 -0.923986
0.943148 0.096172 -0.318156 0.028026 -0.976826 -0.212193 -0.331190 0.191213 -0.923986
0.919162 -0.232204 -0.318156 -0.307759 -0.927501 -0.212193 -0.245818 0.292955 -0.923986
0.784311 -0.532572 -0.318156 -0.606423 -0.766306 -0.212193 -0.130797 0.359362 -0.923986
0.554861 -0.768704 -0.318156 -0.831943 -0.512684 -0.212193 0.000000 0.382425 -0.923986
0.258486 -0.912119 -0.318156 -0.957119 -0.197223 -0.212193 0.130797 0.359362 -0.923986
-0.069066 -0.945519 -0.318156 -0.966852 0.142025 -0.212193 0.245818 0.292955 -0.923986
-0.388288 -0.864875 -0.318156 -0.859968 0.464143 -0.212193 0.331190 0.191213 -0.923986
-0.660675 -0.679915 -0.318156 -0.649361 0.730277 -0.212193 0.376615 0.066408 -0.923986
-0.853376 -0.412947 -0.318156 -0.360430 0.908331 -0.212193 0.376615 -0.066407 -0.923986
-0.943148 -0.096171 -0.318156 -0.028025 0.976826 -0.212193 0.331190 -0.191213 -0.923986
-0.919161 0.232204 -0.318156 0.307759 0.927501 -0.212193 0.245818 -0.292955 -0.923986
-0.784311 0.532572 -0.318156 0.606423 0.766306 -0.212193 0.130797 -0.359362 -0.923986
-0.936870 0.037408 -0.347672 0.349679 0.100227 -0.931493 0.000000 -0.994261 -0.106981
-0.867575 0.355581 -0.347672 0.362870 -0.025415 -0.931493 -0.340057 -0.934300 -0.106981
-0.693638 0.630865 -0.347672 0.332294 -0.147991 -0.931493 -0.639099 -0.761648 -0.106981
-0.436038 0.830058 -0.347672 0.261638 -0.252717 -0.931493 -0.861055 -0.497130 -0.106981
-0.125845 0.929133 -0.347672 0.159425 -0.326962 -0.931493 -0.979156 -0.172651 -0.106981
0.199527 0.916140 -0.347672 0.037983 -0.361770 -0.931493 -0.979156 0.172652 -0.106981
0.500831 0.792649 -0.347672 -0.088040 -0.352944 -0.931493 -0.861056 0.497130 -0.106981
0.741730 0.573552 -0.347672 -0.203445 -0.301547 -0.931493 -0.639099 0.761648 -0.106981
0.893164 0.285276 -0.347672 -0.294311 -0.213780 -0.931493 -0.340057 0.934300 -0.106981
0.936870 -0.037409 -0.347672 -0.349679 -0.100227 -0.931493 0.000000 0.994261 -0.106981
0.867575 -0.355581 -0.347672 -0.362870 0.025415 -0.931493 0.340057 0.934300 -0.106981
0.693638 -0.630865 -0.347672 -0.332294 0.147991 -0.931493 0.639099 0.761648 -0.106981
0.436037 -0.830058 -0.347672 -0.261638 0.252717 -0.931493 0.861056 0.497130 -0.106981
0.125846 -0.929133 -0.347672 -0.159425 0.326962 -0.931493 0.979156 0.172652 -0.106981
-0.199526 -0.916141 -0.347672 -0.037983 0.361770 -0.931493 0.979156 -0.172651 -0.106981
-0.500832 -0.792649 -0.347672 0.088040 0.352944 -0.931493 0.861055 -0.497130 -0.106981
-0.741730 -0.573551 -0.347672 0.203445 0.301547 -0.931493 0.639099 -0.761648 -0.106981
-0.893164 -0.285275 -0.347672 0.294311 0.213779 -0.931493 0.340057 -0.934300 -0.106981
-0.450081 -0.037129 0.892215 -0.892988 0.018713 -0.449692 0.000000 -0.999135 -0.041579
-0.435637 0.119047 0.892215 -0.832733 0.323005 -0.449692 -0.341724 -0.938880 -0.041579
-0.368648 0.260864 0.892215 -0.672039 0.588337 -0.449692 -0.642232 -0.765382 -0.041579
-0.257195 0.371217 0.892215 -0.430287 0.782707 -0.449692 -0.865277 -0.499567 -0.041579
-0.114721 0.436796 0.892215 -0.136636 0.882671 -0.449692 -0.983956 -0.173498 -0.041579
0.041591 0.449691 0.892215 0.173495 0.876171 -0.449692 -0.983956 0.173498 -0.041579
0.192886 0.408346 0.892215 0.462700 0.763993 -0.449692 -0.865277 0.499567 -0.041579
0.320916 0.317749 0.892215 0.696097 0.559666 -0.449692 -0.642232 0.765382 -0.041579
0.410239 0.188827 0.892215 0.845534 0.287835 -0.449692 -0.341725 0.938880 -0.041579
0.450081 0.037129 0.892215 0.892988 -0.018714 -0.449692 0.000000 0.999135 -0.041579
0.435637 -0.119047 0.892215 0.832733 -0.323005 -0.449692 0.341725 0.938880 -0.041579
0.368648 -0.260864 0.892215 0.672039 -0.588337 -0.449692 0.642232 0.765382 -0.041579
0.257195 -0.371217 0.892215 0.430287 -0.782707 -0.449692 0.865277 0.499567 -0.041579
0.114721 -0.436796 0.892215 0.136637 -0.882671 -0.449692 0.983956 0.173498 -0.041579
-0.041591 -0.449691 0.892215 -0.173495 -0.876172 -0.449692 0.983956 -0.173498 -0.041579
-0.192886 -0.408346 0.892215 -0.462700 -0.763993 -0.449692 0.865277 -0.499567 -0.041579
-0.320916 -0.317749 0.892215 -0.696097 -0.559666 -0.449692 0.642232 -0.765382 -0.041579
-0.410239 -0.188827 0.892215 -0.845534 -0.287834 -0.449692 0.341724 -0.938880 -0.041579
0.457738 -0.599979 -0.656126 0.889087 0.308894 0.337800 0.000000 -0.737977 0.674826
0.224928 -0.720352 -0.656126 0.941117 -0.013821 0.337800 -0.252403 -0.693471 0.674826
-0.035012 -0.753839 -0.656126 0.879633 -0.334868 0.337800 -0.474362 -0.565323 0.674826
-0.290729 -0.696402 -0.656126 0.712053 -0.615526 0.337800 -0.639107 -0.368988 0.674826
-0.511379 -0.554969 -0.656126 0.458589 -0.821941 0.337800 -0.726765 -0.128148 0.674826
-0.670350 -0.346598 -0.656126 0.149812 -0.929219 0.337800 -0.726765 0.128149 0.674826
-0.748466 -0.096423 -0.656126 -0.177034 -0.924419 0.337800 -0.639107 0.368988 0.674826
-0.736307 0.165383 -0.656126 -0.482527 -0.808120 0.337800 -0.474362 0.565323 0.674826
-0.635338 0.407241 -0.656126 -0.729821 -0.594351 0.337800 -0.252403 0.693471 0.674826
-0.457738 0.599980 -0.656126 -0.889087 -0.308893 0.337800 0.000000 0.737977 0.674826
-0.224927 0.720352 -0.656126 -0.941117 0.013821 0.337800 0.252403 0.693471 0.674826
0.035012 0.753839 -0.656126 -0.879633 0.334869 0.337800 0.474362 0.565323 0.674826
0.290729 0.696402 -0.656126 -0.712053 0.615526 0.337800 0.639107 0.368988 0.674826
0.511379 0.554969 -0.656126 -0.458589 0.821941 0.337800 0.726765 0.128149 0.674826
0.670350 0.346598 -0.656126 -0.149812 0.929219 0.337800 0.726765 -0.128148 0.674826
0.748466 0.096423 -0.656126 0.177034 0.924419 0.337800 0.639107 -0.368988 0.674826
0.736307 -0.165383 -0.656126 0.482528 0.808120 0.337800 0.474362 -0.565323 0.674826
0.635338 -0.407241 -0.656126 0.729821 0.594350 0.337800 0.252403 -0.693471 0.674826
0.079008 -0.862718 -0.499475 0.996874 0.068375 0.039586 0.000000 -0.501042 0.865423
-0.220824 -0.837712 -0.499475 0.960141 -0.276700 0.039586 -0.171366 -0.470825 0.865423
-0.494021 -0.711665 -0.499475 0.807600 -0.588400 0.039586 -0.322063 -0.383820 0.865423
-0.707632 -0.499781 -0.499475 0.557651 -0.829131 0.039586 -0.433915 -0.250521 0.865423
-0.835892 -0.227616 -0.499475 0.240441 -0.969856 0.039586 -0.493430 -0.087005 0.865423
-0.863331 0.072003 -0.499475 -0.105770 -0.993602 0.039586 -0.493430 0.087005 0.865423
-0.786639 0.362936 -0.499475 -0.439222 -0.897506 0.039586 -0.433915 0.250521 0.865423
-0.615068 0.610095 -0.499475 -0.719699 -0.693157 0.039586 -0.322064 0.383820 0.865423
-0.369310 0.783668 -0.499475 -0.913370 -0.405202 0.039586 -0.171366 0.470825 0.865423
-0.079007 0.862718 -0.499475 -0.996874 -0.068375 0.039586 0.000000 0.501042 0.865423
0.220824 0.837712 -0.499475 -0.960141 0.276700 0.039586 0.171366 0.470825 0.865423
0.494021 0.711665 -0.499475 -0.807600 0.588400 0.039586 0.322064 0.383820 0.865423
0.707632 0.499781 -0.499475 -0.557651 0.829131 0.039586 0.433915 0.250521 0.865423
0.835892 0.227617 -0.499475 -0.240442 0.969856 0.039586 0.493430 0.087005 0.865423
0.863331 -0.072002 -0.499475 0.105769 0.993602 0.039586 0.493430 -0.087005 0.865423
0.786639 -0.362936 -0.499475 0.439223 0.897506 0.039586 0.433915 -0.250521 0.865423
0.615067 -0.610095 -0.499475 0.719699 0.693156 0.039586 0.322063 -0.383820 0.865423
0.369309 -0.783668 -0.499475 0.913370 0.405202 0.039586 0.171366 -0.470825 0.865423
0.044092 0.919704 0.390130 -0.999027 0.040591 0.017218 0.000000 -0.390510 0.920599
0.355990 0.849158 0.390130 -0.924896 0.379831 0.017218 -0.133562 -0.366959 0.920599
0.624951 0.676192 0.390130 -0.739208 0.673257 0.017218 -0.251015 -0.299148 0.920599
0.818533 0.421667 0.390130 -0.464360 0.885479 0.017218 -0.338191 -0.195255 0.920599
0.913388 0.116282 0.390130 -0.133504 0.990899 0.017218 -0.384577 -0.067811 0.920599
0.898075 -0.203128 0.390130 0.213454 0.976801 0.017218 -0.384577 0.067811 0.920599
0.774441 -0.498036 0.390130 0.534666 0.844888 0.017218 -0.338191 0.195255 0.920599
0.557398 -0.732876 0.390130 0.791391 0.611068 0.017218 -0.251015 0.299148 0.920599
0.273124 -0.879319 0.390130 0.952662 0.303544 0.017218 -0.133562 0.366959 0.920599
-0.044092 -0.919704 0.390130 0.999027 -0.040591 0.017218 0.000000 0.390510 0.920599
-0.355990 -0.849158 0.390130 0.924896 -0.379831 0.017218 0.133562 0.366959 0.920599
-0.624951 -0.676192 0.390130 0.739208 -0.673257 0.017218 0.251015 0.299148 0.920599
-0.818533 -0.421666 0.390130 0.464360 -0.885479 0.017218 0.338191 0.195255 0.920599
-0.913388 -0.116283 0.390130 0.133505 -0.990898 0.017218 0.384577 0.067811 0.920599
-0.898075 0.203127 0.390130 -0.213454 -0.976801 0.017218 0.384577 -0.067811 0.920599
-0.774441 0.498037 0.390130 -0.534667 -0.844888 0.017218 0.338191 -0.195255 0.920599
-0.557397 0.732876 0.390130 -0.791391 -0.611068 0.017218 0.251015 -0.299148 0.920599
-0.273124 0.879319 0.390130 -0.952662 -0.303544 0.017218 0.133562 -0.366959 0.920599
0.947494 0.109805 0.300329 -0.319773 0.325355 0.889882 0.000000 -0.939195 0.343385
0.927909 -0.220879 0.300329 -0.189210 0.415102 0.889882 -0.321223 -0.882555 0.343385
0.796404 -0.524922 0.300329 -0.035826 0.454782 0.889882 -0.603703 -0.719465 0.343385
0.568841 -0.765652 0.300329 0.121879 0.439609 0.889882 -0.813367 -0.469597 0.343385
0.272667 -0.914032 0.300329 0.264884 0.371412 0.889882 -0.924926 -0.163089 0.343385
-0.056394 -0.952167 0.300329 0.375940 0.258417 0.889882 -0.924926 0.163090 0.343385
-0.378653 -0.875457 0.300329 0.441652 0.114254 0.889882 -0.813367 0.469597 0.343385
-0.655241 -0.693153 0.300329 0.454094 -0.043690 0.889882 -0.603703 0.719465 0.343385
-0.852798 -0.427245 0.300329 0.411766 -0.196365 0.889882 -0.321224 0.882554 0.343385
-0.947494 -0.109805 0.300329 0.319773 -0.325355 0.889882 0.000000 0.939195 0.343385
-0.927909 0.220879 0.300329 0.189210 -0.415102 0.889882 0.321224 0.882554 0.343385
-0.796404 0.524922 0.300329 0.035826 -0.454782 0.889882 0.603703 0.719465 0.343385
-0.568841 0.765652 0.300329 -0.121880 -0.439609 0.889882 0.813367 0.469597 0.343385
-0.272668 0.914032 0.300329 -0.264884 -0.371412 0.889882 0.924926 0.163090 0.343385
0.056394 0.952167 0.300329 -0.375940 -0.258418 0.889882 0.924926 -0.163089 0.343385
0.378653 0.875457 0.300329 -0.441652 -0.114254 0.889882 0.813367 -0.469597 0.343385
0.655241 0.693153 0.300329 -0.454094 0.043690 0.889882 0.603703 -0.719465 0.343385
0.852798 0.427245 0.300329 -0.411766 0.196365 0.889882 0.321223 -0.882555 0.343385
-0.704387 0.095688 0.703337 -0.709816 -0.094957 -0.697957 0.000000 -0.990872 0.134808
-0.629180 0.330832 0.703337 -0.699486 0.153541 -0.697957 -0.338898 -0.931115 0.134808
-0.478084 0.526073 0.703337 -0.604788 0.383520 -0.697957 -0.636920 -0.759052 0.134808
-0.269325 0.657861 0.703337 -0.437143 0.567240 -0.697957 -0.858120 -0.495436 0.134808
-0.028081 0.710302 0.703337 -0.216772 0.682543 -0.697957 -0.975818 -0.172063 0.134808
0.216551 0.677070 0.703337 0.029744 0.715521 -0.697957 -0.975818 0.172063 0.134808
0.435062 0.562173 0.703337 0.272673 0.662197 -0.697957 -0.858120 0.495435 0.134808
0.601099 0.379470 0.703337 0.482713 0.529002 -0.697957 -0.636920 0.759052 0.134808
0.694635 0.150997 0.703337 0.634532 0.332002 -0.697957 -0.338898 0.931115 0.134808
0.704387 -0.095689 0.703337 0.709816 0.094957 -0.697957 0.000000 0.990872 0.134808
0.629180 -0.330833 0.703337 0.699486 -0.153541 -0.697957 0.338898 0.931115 0.134808
0.478084 -0.526073 0.703337 0.604788 -0.383520 -0.697957 0.636920 0.759052 0.134808
0.269324 -0.657862 0.703337 0.437143 -0.567241 -0.697957 0.858120 0.495435 0.134808
0.028081 -0.710302 0.703337 0.216773 -0.682543 -0.697957 0.975818 0.172063 0.134808
-0.216550 -0.677070 0.703337 -0.029744 -0.715521 -0.697957 0.975818 -0.172063 0.134808
-0.435062 -0.562173 0.703337 -0.272673 -0.662197 -0.697957 0.858120 -0.495436 0.134808
-0.601099 -0.379470 0.703337 -0.482714 -0.529002 -0.697957 0.636920 -0.759052 0.134808
-0.694635 -0.150997 0.703337 -0.634532 -0.332001 -0.697957 0.338898 -0.931115 0.134808
0.872838 -0.157831 0.461782 -0.488009 -0.282293 0.825928 0.000000 -0.946256 -0.323419
0.766218 -0.446841 0.461782 -0.555129 -0.098359 0.825928 -0.323638 -0.889190 -0.323419
0.567181 -0.681956 0.461782 -0.555291 0.097438 0.825928 -0.608242 -0.724874 -0.323419
0.299733 -0.834816 0.461782 -0.488477 0.281482 0.825928 -0.819482 -0.473128 -0.323419
-0.003867 -0.886985 0.461782 -0.362746 0.431576 0.825928 -0.931880 -0.164315 -0.323419
-0.307001 -0.832171 0.461782 -0.193262 0.529615 0.825928 -0.931880 0.164316 -0.323419
-0.573105 -0.676985 0.461782 -0.000468 0.563775 0.825928 -0.819482 0.473127 -0.323419
-0.770085 -0.440144 0.461782 0.192383 0.529935 0.825928 -0.608242 0.724874 -0.323419
-0.874181 -0.150215 0.461782 0.362029 0.432177 0.825928 -0.323639 0.889190 -0.323419
-0.872838 0.157832 0.461782 0.488009 0.282293 0.825928 0.000000 0.946256 -0.323419
-0.766218 0.446842 0.461782 0.555129 0.098359 0.825928 0.323639 0.889190 -0.323419
-0.567181 0.681956 0.461782 0.555291 -0.097438 0.825928 0.608242 0.724874 -0.323419
-0.299733 0.834816 0.461782 0.488477 -0.281483 0.825928 0.819482 0.473127 -0.323419
0.003867 0.886985 0.461782 0.362746 -0.431576 0.825928 0.931880 0.164316 -0.323419
0.307000 0.832171 0.461782 0.193262 -0.529615 0.825928 0.931880 -0.164315 -0.323419
0.573105 0.676984 0.461782 0.000468 -0.563775 0.825928 0.819482 -0.473128 -0.323419
0.770085 0.440144 0.461782 -0.192383 -0.529935 0.825928 0.608242 -0.724874 -0.323419
0.874181 0.150215 0.461782 -0.362029 -0.432177 0.825928 0.323638 -0.889190 -0.323419
0.989375 -0.061718 0.131633 -0.145383 -0.420013 0.895797 0.000000 -0.905417 -0.424524
0.908600 -0.396383 0.131633 -0.280269 -0.344959 0.895797 -0.309671 -0.850814 -0.424524
0.718233 -0.683238 0.131633 -0.381350 -0.228298 0.895797 -0.581991 -0.693590 -0.424524
0.441238 -0.887684 0.131633 -0.436434 -0.084101 0.895797 -0.784114 -0.452708 -0.424524
0.111022 -0.985062 0.131633 -0.438878 0.070240 0.895797 -0.891662 -0.157224 -0.424524
-0.232585 -0.963627 0.131633 -0.388387 0.216110 0.895797 -0.891661 0.157224 -0.424524
-0.548137 -0.825965 0.131633 -0.291051 0.335912 0.895797 -0.784114 0.452708 -0.424524
-0.797577 -0.588679 0.131633 -0.158609 0.415200 0.895797 -0.581991 0.693589 -0.424524
-0.950818 -0.280390 0.131633 -0.007037 0.444407 0.895797 -0.309671 0.850813 -0.424524
-0.989375 0.061719 0.131633 0.145384 0.420013 0.895797 0.000000 0.905417 -0.424524
-0.908600 0.396383 0.131633 0.280269 0.344959 0.895797 0.309671 0.850813 -0.424524
-0.718233 0.683238 0.131633 0.381350 0.228298 0.895797 0.581991 0.693589 -0.424524
-0.441237 0.887684 0.131633 0.436434 0.084101 0.895797 0.784114 0.452708 -0.424524
-0.111023 0.985062 0.131633 0.438878 -0.070240 0.895797 0.891661 0.157224 -0.424524
0.232584 0.963627 0.131633 0.388387 -0.216109 0.895797 0.891662 -0.157224 -0.424524
0.548138 0.825965 0.131633 0.291050 -0.335912 0.895797 0.784114 -0.452708 -0.424524
0.797578 0.588679 0.131633 0.158609 -0.415200 0.895797 0.581991 -0.693590 -0.424524
0.950818 0.280390 0.131633 0.007037 -0.444407 0.895797 0.309671 -0.850814 -0.424524
-0.998097 -0.036531 -0.049683 0.061668 -0.591253 -0.804125 0.000000 -0.805658 0.592380
-0.950398 0.307041 -0.049683 -0.144272 -0.576688 -0.804125 -0.275551 -0.757071 0.592380
-0.788068 0.613580 -0.049683 -0.332810 -0.492565 -0.804125 -0.517867 -0.617170 0.592380
-0.530685 0.846112 -0.049683 -0.481206 -0.349032 -0.804125 -0.697721 -0.402829 0.592380
-0.209293 0.976590 -0.049683 -0.571562 -0.163401 -0.804125 -0.793419 -0.139901 0.592380
0.137342 0.989277 -0.049683 -0.592979 0.041939 -0.804125 -0.793419 0.139901 0.592380
0.467411 0.882643 -0.049683 -0.542874 0.242220 -0.804125 -0.697721 0.402829 0.592380
0.741105 0.669549 -0.049683 -0.427290 0.413287 -0.804125 -0.517867 0.617170 0.592380
0.925410 0.375697 -0.049683 -0.260169 0.534504 -0.804125 -0.275551 0.757071 0.592380
0.998097 0.036531 -0.049683 -0.061668 0.591253 -0.804125 0.000000 0.805658 0.592380
0.950398 -0.307042 -0.049683 0.144272 0.576688 -0.804125 0.275551 0.757071 0.592380
0.788068 -0.613580 -0.049683 0.332810 0.492565 -0.804125 0.517867 0.617170 0.592380
0.530685 -0.846112 -0.049683 0.481206 0.349032 -0.804125 0.697721 0.402829 0.592380
0.209294 -0.976590 -0.049683 0.571562 0.163401 -0.804125 0.793419 0.139901 0.592380
-0.137342 -0.989277 -0.049683 0.592979 -0.041939 -0.804125 0.793419 -0.139901 0.592380
-0.467412 -0.882643 -0.049683 0.542874 -0.242220 -0.804125 0.697721 -0.402829 0.592380
-0.741105 -0.669549 -0.049683 0.427290 -0.413287 -0.804125 0.517867 -0.617170 0.592380
-0.925410 -0.375697 -0.049683 0.260169 -0.534504 -0.804125 0.275551 -0.757071 0.592380
0.202763 0.032188 0.978699 -0.979228 0.006665 0.202653 0.000000 -0.999460 0.032870
0.201544 -0.039103 0.978699 -0.917894 0.341178 0.202653 -0.341835 -0.939185 0.032870
0.176015 -0.105676 0.978699 -0.745848 0.634541 0.202653 -0.642440 -0.765630 0.032870
0.129257 -0.159504 0.978699 -0.483842 0.851369 0.202653 -0.865558 -0.499730 0.032870
0.066908 -0.194093 0.978699 -0.163477 0.965509 0.202653 -0.984276 -0.173554 0.032870
-0.003511 -0.205272 0.978699 0.176605 0.963194 0.202653 -0.984276 0.173555 0.032870
-0.073506 -0.191692 0.978699 0.495385 0.844704 0.202653 -0.865558 0.499729 0.032870
-0.134636 -0.154991 0.978699 0.754416 0.624330 0.202653 -0.642440 0.765630 0.032870
-0.179526 -0.099595 0.978699 0.922453 0.328653 0.202653 -0.341835 0.939185 0.032870
-0.202763 -0.032188 0.978699 0.979228 -0.006665 0.202653 0.000000 0.999460 0.032870
-0.201544 0.039103 0.978699 0.917894 -0.341179 0.202653 0.341835 0.939185 0.032870
-0.176015 0.105676 0.978699 0.745848 -0.634541 0.202653 0.642440 0.765630 0.032870
-0.129257 0.159504 0.978699 0.483842 -0.851369 0.202653 0.865558 0.499729 0.032870
-0.066908 0.194093 0.978699 0.163478 -0.965508 0.202653 0.984276 0.173555 0.032870
0.003511 0.205272 0.978699 -0.176605 -0.963194 0.202653 0.984276 -0.173554 0.032870
0.073506 0.191692 0.978699 -0.495386 -0.844704 0.202653 0.865558 -0.499730 0.032870
0.134636 0.154991 0.978699 -0.754416 -0.624330 0.202653 0.642440 -0.765630 0.032870
0.179526 0.099595 0.978699 -0.922453 -0.328653 0.202653 0.341835 -0.939185 0.032870
-0.313288 0.706261 -0.634859 0.949658 0.232993 -0.209437 0.000000 -0.668513 -0.743700
-0.052839 0.770819 -0.634859 0.972075 -0.105861 -0.209437 -0.228645 -0.628197 -0.743700
0.213983 0.742405 -0.634859 0.877245 -0.431946 -0.209437 -0.429712 -0.512111 -0.743700
0.454996 0.624446 -0.634859 0.676606 -0.705932 -0.209437 -0.578949 -0.334256 -0.743700
0.641130 0.431169 -0.634859 0.394359 -0.894772 -0.209437 -0.658357 -0.116086 -0.743700
0.749933 0.185887 -0.634859 0.064546 -0.975689 -0.209437 -0.658357 0.116086 -0.743700
0.768284 -0.081815 -0.634859 -0.273051 -0.938924 -0.209437 -0.578950 0.334256 -0.743700
0.693968 -0.339650 -0.634859 -0.577716 -0.788911 -0.209437 -0.429712 0.512111 -0.743700
0.535950 -0.556517 -0.634859 -0.812699 -0.543743 -0.209437 -0.228645 0.628197 -0.743700
0.313288 -0.706261 -0.634859 -0.949658 -0.232992 -0.209437 0.000000 0.668513 -0.743700
0.052839 -0.770819 -0.634859 -0.972075 0.105861 -0.209437 0.228645 0.628197 -0.743700
-0.213984 -0.742405 -0.634859 -0.877245 0.431946 -0.209437 0.429712 0.512111 -0.743700
-0.454996 -0.624446 -0.634859 -0.676606 0.705932 -0.209437 0.578950 0.334256 -0.743700
-0.641129 -0.431170 -0.634859 -0.394359 0.894772 -0.209437 0.658357 0.116086 -0.743700
-0.749933 -0.185888 -0.634859 -0.064546 0.975689 -0.209437 0.658357 -0.116086 -0.743700
-0.768284 0.081815 -0.634859 0.273052 0.938924 -0.209437 0.578949 -0.334256 -0.743700
-0.693968 0.339650 -0.634859 0.577716 0.788911 -0.209437 0.429712 -0.512111 -0.743700
-0.535950 0.556518 -0.634859 0.812699 0.543743 -0.209437 0.228645 -0.628197 -0.743700
0.646176 -0.606136 0.463741 -0.763189 -0.513203 0.392640 0.000000 -0.607637 -0.794215
0.399896 -0.790587 0.463741 -0.892688 -0.221227 0.392640 -0.207824 -0.570992 -0.794215
0.105383 -0.879681 0.463741 -0.914517 0.097432 0.392640 -0.390581 -0.465477 -0.794215
-0.201841 -0.862673 0.463741 -0.826041 0.404340 0.392640 -0.526229 -0.303818 -0.794215
-0.484720 -0.741613 0.463741 -0.637932 0.662478 0.392640 -0.598405 -0.105515 -0.794215
-0.709135 -0.531104 0.463741 -0.372879 0.840711 0.392640 -0.598405 0.105515 -0.794215
-0.848017 -0.256537 0.463741 -0.062853 0.917542 0.392640 -0.526229 0.303818 -0.794215
-0.884616 0.048973 0.463741 0.254756 0.883704 0.392640 -0.390581 0.465477 -0.794215
-0.814517 0.348576 0.463741 0.541637 0.743279 0.392640 -0.207824 0.570992 -0.794215
-0.646176 0.606136 0.463741 0.763189 0.513202 0.392640 0.000000 0.607637 -0.794215
-0.399896 0.790587 0.463741 0.892688 0.221227 0.392640 0.207824 0.570992 -0.794215
-0.105382 0.879681 0.463741 0.914517 -0.097433 0.392640 0.390581 0.465477 -0.794215
0.201842 0.862672 0.463741 0.826041 -0.404340 0.392640 0.526229 0.303818 -0.794215
0.484720 0.741613 0.463741 0.637932 -0.662477 0.392640 0.598405 0.105515 -0.794215
0.709134 0.531105 0.463741 0.372880 -0.840711 0.392640 0.598405 -0.105515 -0.794215
0.848017 0.256537 0.463741 0.062852 -0.917542 0.392640 0.526229 -0.303818 -0.794215
0.884616 -0.048973 0.463741 -0.254756 -0.883704 0.392640 0.390581 -0.465477 -0.794215
0.814517 -0.348576 0.463741 -0.541637 -0.743278 0.392640 0.207824 -0.570992 -0.794215
0.483837 -0.286037 -0.827094 0.875158 0.158138 0.457264 0.000000 -0.945080 0.326840
0.356828 -0.434269 -0.827094 0.876466 -0.150721 0.457264 -0.323236 -0.888084 0.326840
0.186780 -0.530121 -0.827094 0.772059 -0.441401 0.457264 -0.607485 -0.723973 0.326840
-0.005797 -0.562034 -0.827094 0.574530 -0.678841 0.457264 -0.818463 -0.472540 0.326840
-0.197674 -0.526156 -0.827094 0.307704 -0.834402 0.457264 -0.930722 -0.164111 0.326840
-0.365709 -0.426816 -0.827094 0.003765 -0.889323 0.457264 -0.930722 0.164112 0.326840
-0.489634 -0.275997 -0.827094 -0.300628 -0.836978 0.457264 -0.818463 0.472539 0.326840
-0.554502 -0.091888 -0.827094 -0.568761 -0.683681 0.457264 -0.607486 0.723973 0.326840
-0.552488 0.103305 -0.827094 -0.768293 -0.447922 0.457264 -0.323236 0.888084 0.326840
-0.483837 0.286037 -0.827094 -0.875158 -0.158137 0.457264 0.000000 0.945080 0.326840
-0.356827 0.434269 -0.827094 -0.876466 0.150721 0.457264 0.323236 0.888084 0.326840
-0.186779 0.530121 -0.827094 -0.772059 0.441401 0.457264 0.607486 0.723973 0.326840
0.005797 0.562034 -0.827094 -0.574530 0.678841 0.457264 0.818463 0.472539 0.326840
0.197674 0.526156 -0.827094 -0.307705 0.834402 0.457264 0.930722 0.164112 0.326840
0.365709 0.426817 -0.827094 -0.003765 0.889323 0.457264 0.930722 -0.164111 0.326840
0.489634 0.275997 -0.827094 0.300628 0.836978 0.457264 0.818463 -0.472540 0.326840
0.554502 0.091887 -0.827094 0.568761 0.683681 0.457264 0.607485 -0.723973 0.326840
0.552488 -0.103305 -0.827094 0.768294 0.447922 0.457264 0.323236 -0.888084 0.326840
0.881926 0.301928 0.362002 -0.471387 0.564881 0.677276 0.000000 -0.767951 0.640509
0.932005 -0.017918 0.362002 -0.249758 0.692039 0.677276 -0.262655 -0.721638 0.640509
0.869670 -0.335602 0.362002 0.001996 0.735726 0.677276 -0.493629 -0.588285 0.640509
0.702440 -0.612807 0.362002 0.253508 0.690674 0.677276 -0.665065 -0.383975 0.640509
0.450485 -0.816099 0.362002 0.474444 0.562316 0.677276 -0.756284 -0.133353 0.640509
0.144195 -0.920957 0.362002 0.638155 0.366135 0.677276 -0.756284 0.133354 0.640509
-0.179486 -0.914735 0.362002 0.724895 0.125793 0.677276 -0.665065 0.383975 0.640509
-0.481519 -0.798181 0.362002 0.724202 -0.129722 0.677276 -0.493630 0.588284 0.640509
-0.725474 -0.585356 0.362002 0.636160 -0.369591 0.677276 -0.262655 0.721638 0.640509
-0.881926 -0.301927 0.362002 0.471387 -0.564882 0.677276 0.000000 0.767951 0.640509
-0.932005 0.017918 0.362002 0.249758 -0.692039 0.677276 0.262655 0.721638 0.640509
-0.869670 0.335602 0.362002 -0.001996 -0.735726 0.677276 0.493630 0.588284 0.640509
-0.702440 0.612807 0.362002 -0.253509 -0.690674 0.677276 0.665065 0.383975 0.640509
-0.450486 0.816099 0.362002 -0.474444 -0.562316 0.677276 0.756284 0.133354 0.640509
-0.144196 0.920957 0.362002 -0.638155 -0.366135 0.677276 0.756284 -0.133353 0.640509
0.179486 0.914734 0.362002 -0.724895 -0.125792 0.677276 0.665065 -0.383975 0.640509
0.481520 0.798181 0.362002 -0.724202 0.129723 0.677276 0.493629 -0.588285 0.640509
0.725475 0.585355 0.362002 -0.636160 0.369591 0.677276 0.262655 -0.721638 0.640509
-0.990771 0.117625 -0.067366 0.135550 0.859754 -0.492391 0.000000 -0.496978 -0.867763
-0.890789 0.449395 -0.067366 0.421429 0.761544 -0.492391 -0.169976 -0.467006 -0.867763
-0.683366 0.726961 -0.067366 0.656477 0.571480 -0.492391 -0.319451 -0.380707 -0.867763
-0.393518 0.916845 -0.067366 0.812344 0.312487 -0.492391 -0.430396 -0.248489 -0.867763
-0.056207 0.996144 -0.067366 0.870231 0.015803 -0.492391 -0.489428 -0.086299 -0.867763
0.287885 0.955293 -0.067366 0.823154 -0.282786 -0.492391 -0.489428 0.086300 -0.867763
0.597252 0.799220 -0.067366 0.676794 -0.547267 -0.492391 -0.430396 0.248489 -0.867763
0.834582 0.546749 -0.067366 0.448802 -0.745740 -0.492391 -0.319451 0.380707 -0.867763
0.971250 0.228332 -0.067366 0.166678 -0.854266 -0.492391 -0.169977 0.467006 -0.867763
0.990770 -0.117626 -0.067366 -0.135550 -0.859754 -0.492391 0.000000 0.496978 -0.867763
0.890789 -0.449396 -0.067366 -0.421429 -0.761544 -0.492391 0.169977 0.467006 -0.867763
0.683366 -0.726962 -0.067366 -0.656477 -0.571480 -0.492391 0.319451 0.380707 -0.867763
0.393518 -0.916845 -0.067366 -0.812344 -0.312486 -0.492391 0.430396 0.248489 -0.867763
0.056207 -0.996144 -0.067366 -0.870231 -0.015804 -0.492391 0.489428 0.086300 -0.867763
-0.287884 -0.955293 -0.067366 -0.823154 0.282786 -0.492391 0.489428 -0.086299 -0.867763
-0.597252 -0.799220 -0.067366 -0.676794 0.547267 -0.492391 0.430396 -0.248489 -0.867763
-0.834583 -0.546749 -0.067366 -0.448802 0.745740 -0.492391 0.319451 -0.380707 -0.867763
-0.971250 -0.228331 -0.067366 -0.166677 0.854266 -0.492391 0.169976 -0.467006 -0.867763
-0.894760 0.438129 0.086304 -0.446548 -0.877890 -0.172928 0.000000 -0.193268 0.981146
-0.690950 0.717732 0.086304 -0.719874 -0.672218 -0.172928 -0.066102 -0.181613 0.981146
-0.403802 0.910767 0.086304 -0.906372 -0.385467 -0.172928 -0.124230 -0.148052 0.981146
-0.067949 0.993949 0.086304 -0.983549 -0.052222 -0.172928 -0.167375 -0.096634 0.981146
0.276100 0.957246 0.086304 -0.942095 0.287321 -0.172928 -0.190332 -0.033561 0.981146
0.586847 0.805085 0.086304 -0.787010 0.592209 -0.172928 -0.190332 0.033561 0.981146
0.826810 0.555820 0.086304 -0.537001 0.825667 -0.172928 -0.167375 0.096634 0.981146
0.967049 0.239514 0.086304 -0.222221 0.959538 -0.172928 -0.124230 0.148052 0.981146
0.990648 -0.105681 0.086304 0.119362 0.977675 -0.172928 -0.066102 0.181613 0.981146
0.894759 -0.438129 0.086304 0.446548 0.877890 -0.172928 0.000000 0.193268 0.981146
0.690950 -0.717733 0.086304 0.719874 0.672218 -0.172928 0.066102 0.181613 0.981146
0.403801 -0.910767 0.086304 0.906373 0.385466 -0.172928 0.124230 0.148052 0.981146
0.067948 -0.993949 0.086304 0.983549 0.052222 -0.172928 0.167375 0.096634 0.981146
-0.276099 -0.957246 0.086304 0.942095 -0.287320 -0.172928 0.190332 0.033561 0.981146
-0.586846 -0.805086 0.086304 0.787010 -0.592208 -0.172928 0.190332 -0.033561 0.981146
-0.826811 -0.555820 0.086304 0.537001 -0.825667 -0.172928 0.167375 -0.096634 0.981146
-0.967049 -0.239514 0.086304 0.222221 -0.959538 -0.172928 0.124230 -0.148052 0.981146
-0.990648 0.105681 0.086304 -0.119362 -0.977675 -0.172928 0.066102 -0.181613 0.981146
0.127232 -0.370188 -0.920203 0.991873 0.047486 0.118038 0.000000 -0.927743 0.373221
-0.007053 -0.391379 -0.920203 0.948297 -0.294619 0.118038 -0.317307 -0.871793 0.373221
-0.140487 -0.365363 -0.920203 0.790342 -0.601188 0.118038 -0.596341 -0.710692 0.373221
-0.256976 -0.295280 -0.920203 0.537060 -0.835245 0.118038 -0.803449 -0.463871 0.373221
-0.342470 -0.189581 -0.920203 0.219001 -0.968558 0.118038 -0.913648 -0.161101 0.373221
-0.386657 -0.061016 -0.920203 -0.125473 -0.985050 0.118038 -0.913648 0.161101 0.373221
-0.384208 0.074908 -0.920203 -0.454812 -0.882730 0.118038 -0.803449 0.463871 0.373221
-0.335417 0.201797 -0.920203 -0.729295 -0.673940 0.118038 -0.596342 0.710692 0.373221
-0.246171 0.304347 -0.920203 -0.915815 -0.383863 0.118038 -0.317307 0.871793 0.373221
-0.127232 0.370188 -0.920203 -0.991873 -0.047486 0.118038 0.000000 0.927743 0.373221
0.007053 0.391379 -0.920203 -0.948297 0.294619 0.118038 0.317307 0.871793 0.373221
0.140487 0.365363 -0.920203 -0.790342 0.601188 0.118038 0.596342 0.710692 0.373221
0.256976 0.295280 -0.920203 -0.537060 0.835245 0.118038 0.803449 0.463871 0.373221
0.342470 0.189582 -0.920203 -0.219002 0.968558 0.118038 0.913648 0.161101 0.373221
0.386657 0.061017 -0.920203 0.125473 0.985050 0.118038 0.913648 -0.161101 0.373221
0.384208 -0.074908 -0.920203 0.454813 0.882730 0.118038 0.803449 -0.463871 0.373221
0.335417 -0.201797 -0.920203 0.729296 0.673940 0.118038 0.596341 -0.710692 0.373221
0.246170 -0.304347 -0.920203 0.915815 0.383862 0.118038 0.317307 -0.871793 0.373221
-0.928226 0.247144 0.278057 -0.372016 -0.616655 -0.693787 0.000000 -0.747433 0.664337
-0.787719 0.549711 0.278057 -0.560489 -0.452229 -0.693787 -0.255637 -0.702358 0.664337
-0.552202 0.785976 0.278057 -0.681359 -0.233258 -0.693787 -0.480441 -0.572567 0.664337
-0.250080 0.927440 0.278057 -0.720047 0.013848 -0.693787 -0.647296 -0.373717 0.664337
0.082205 0.957041 0.278057 -0.671886 0.259283 -0.693787 -0.736078 -0.129790 0.664337
0.404574 0.871208 0.278057 -0.542687 0.473445 -0.693787 -0.736078 0.129791 0.664337
0.678146 0.680296 0.278057 -0.348031 0.630503 -0.693787 -0.647296 0.373716 0.664337
0.869924 0.407329 0.278057 -0.111398 0.711512 -0.693787 -0.480441 0.572567 0.664337
0.956776 0.085233 0.278057 0.138672 0.706703 -0.693787 -0.255637 0.702357 0.664337
0.928226 -0.247144 0.278057 0.372016 0.616655 -0.693787 0.000000 0.747433 0.664337
0.787719 -0.549712 0.278057 0.560489 0.452229 -0.693787 0.255637 0.702357 0.664337
0.552201 -0.785976 0.278057 0.681359 0.233258 -0.693787 0.480441 0.572567 0.664337
0.250080 -0.927440 0.278057 0.720047 -0.013848 -0.693787 0.647296 0.373716 0.664337
-0.082204 -0.957041 0.278057 0.671887 -0.259283 -0.693787 0.736078 0.129791 0.664337
-0.404574 -0.871208 0.278057 0.542687 -0.473445 -0.693787 0.736078 -0.129790 0.664337
-0.678146 -0.680296 0.278057 0.348031 -0.630503 -0.693787 0.647296 -0.373717 0.664337
-0.869924 -0.407329 0.278057 0.111397 -0.711512 -0.693787 0.480441 -0.572567 0.664337
-0.956776 -0.085233 0.278057 -0.138672 -0.706703 -0.693787 0.255637 -0.702358 0.664337
-0.544396 -0.136374 -0.827669 0.838829 -0.088506 -0.537153 0.000000 -0.986696 0.162576
-0.558207 0.058045 -0.827669 0.757970 -0.370065 -0.537153 -0.337470 -0.927191 0.162576
-0.504691 0.245462 -0.827669 0.585689 -0.606988 -0.537153 -0.634236 -0.755853 0.162576
-0.390301 0.403274 -0.827669 0.342766 -0.770700 -0.537153 -0.854504 -0.493348 0.162576
-0.228835 0.512444 -0.827669 0.058500 -0.841454 -0.537153 -0.971706 -0.171338 0.162576
-0.039768 0.559806 -0.827669 -0.232823 -0.810716 -0.537153 -0.971706 0.171338 0.162576
0.154094 0.539647 -0.827669 -0.496062 -0.682194 -0.537153 -0.854504 0.493348 0.162576
0.329372 0.454399 -0.827669 -0.699470 -0.471389 -0.537153 -0.634236 0.755853 0.162576
0.464922 0.314344 -0.827669 -0.818512 -0.203728 -0.537153 -0.337470 0.927191 0.162576
0.544396 0.136374 -0.827669 -0.838829 0.088506 -0.537153 0.000000 0.986696 0.162576
0.558207 -0.058045 -0.827669 -0.757970 0.370065 -0.537153 0.337470 0.927191 0.162576
0.504691 -0.245462 -0.827669 -0.585689 0.606988 -0.537153 0.634236 0.755853 0.162576
0.390301 -0.403274 -0.827669 -0.342766 0.770700 -0.537153 0.854504 0.493348 0.162576
0.228835 -0.512444 -0.827669 -0.058500 0.841454 -0.537153 0.971706 0.171338 0.162576
0.039769 -0.559806 -0.827669 0.232822 0.810716 -0.537153 0.971706 -0.171338 0.162576
-0.154095 -0.539647 -0.827669 0.496063 0.682194 -0.537153 0.854504 -0.493348 0.162576
-0.329372 -0.454399 -0.827669 0.699470 0.471389 -0.537153 0.634236 -0.755853 0.162576
-0.464922 -0.314344 -0.827669 0.818512 0.203728 -0.537153 0.337470 -0.927191 0.162576
